10 6 3 12 17
6 2 0 5 2 4 3 4 3 2 5 1 1 2 2 4 5 2 3 5 5 1 6 0 1 1 2 1 3 5 6 2 6 3 3
5 1 1 6 1 2 1 1 0 2 2 1 6 3 6 3 5 5 1 6 0 1
5 1 1 6 2 2 4 5 2 3 5 5 1 6 0 1 3 2 4 1 6 5 6 2 0 1 4 5
5 3 5 5 1 6 0 1 1 1 6 1 2 1 3 4 3 2 5 1 1 2 2 4 5 2
6 3 4 3 2 5 1 1 3 5 5 1 6 0 1 1 1 6 2 0 5 2 4 2 1 6 3 6 3 2 4 1 6 5 6
6 2 2 4 5 2 1 0 2 3 2 4 1 6 5 6 1 1 6 3 5 5 1 6 0 1 2 0 3 3 2
5 1 5 1 2 0 3 3 2 3 2 4 1 6 5 6 3 1 6 4 1 0 6 1 2 1
5 2 2 4 5 2 3 2 4 1 6 5 6 3 5 5 1 6 0 1 1 1 6 2 1 6 3 6
6 1 5 1 2 0 1 4 5 3 5 6 2 6 3 3 1 0 2 3 2 4 1 6 5 6 2 1 6 3 6
6 2 2 4 5 2 3 2 4 1 6 5 6 3 4 3 2 5 1 1 1 5 1 2 1 6 3 6 2 0 3 3 2
1 0 0
2 6 0
3 12 0
4 18 0
5 0 10
6 6 10
7 12 10
8 18 10
9 0 20
10 6 20
11 12 20
12 18 20
1 1 2 1.0
2 2 3 1.5
3 3 4 2.0
4 5 6 1.5
5 6 7 2.0
6 7 8 1.0
7 9 10 2.0
8 10 11 1.0
9 11 12 1.5
10 1 5 1.0
11 2 6 1.5
12 3 7 2.0
13 4 8 1.0
14 5 9 1.5
15 6 10 2.0
16 7 11 1.0
17 8 12 1.5
0 1
1 3
2 5
3 7
4 9
5 11
1 1 1.0
2 2 1.0
3 3 1.0
