15 8 4 16 24
10 4 6 15 7 11 3 5 4 19 2 2 18 3 5 4 7 18 6 3 5 11 2 16 4 4 7 1 1 6 2 2 19 2 4 6 5 3 3 3 5 4 2 7 18 1 4 2 1 0 17 5 4 10 1 10 0 12 7 5 2 14 3 6 15 5 2 7 19
10 4 7 18 6 3 5 11 2 16 1 0 17 2 1 1 3 13 5 4 10 1 10 0 12 7 5 2 14 5 3 11 0 9 1 18 5 18 2 13 2 5 15 6 13 4 6 15 7 11 3 5 4 19 4 4 7 1 1 6 2 2 19 4 3 11 0 7 5 13 7 3 3 6 15 5 2 7 19
10 2 2 3 4 5 4 4 7 1 1 6 2 2 19 2 2 18 3 5 2 4 6 5 3 4 3 11 0 7 5 13 7 3 3 6 15 5 2 7 19 5 3 11 0 9 1 18 5 18 2 13 3 3 5 4 2 7 18 1 0 17 2 1 1 3 13
10 2 2 18 3 5 2 2 3 4 5 5 3 11 0 9 1 18 5 18 2 13 4 3 11 0 7 5 13 7 3 2 5 15 6 13 4 4 7 1 1 6 2 2 19 1 4 2 4 7 18 6 3 5 11 2 16 1 0 17 2 4 6 5 3
10 2 5 15 6 13 3 6 15 5 2 7 19 1 4 2 4 6 15 7 11 3 5 4 19 5 3 11 0 9 1 18 5 18 2 13 4 4 7 1 1 6 2 2 19 3 3 5 4 2 7 18 2 4 6 5 3 2 2 3 4 5 5 4 10 1 10 0 12 7 5 2 14
10 2 1 1 3 13 2 5 15 6 13 2 2 18 3 5 4 7 18 6 3 5 11 2 16 5 3 11 0 9 1 18 5 18 2 13 5 4 10 1 10 0 12 7 5 2 14 4 3 11 0 7 5 13 7 3 4 6 15 7 11 3 5 4 19 2 4 6 5 3 2 2 3 4 5
10 5 4 10 1 10 0 12 7 5 2 14 4 3 11 0 7 5 13 7 3 2 1 1 3 13 1 0 17 2 5 15 6 13 4 4 7 1 1 6 2 2 19 1 4 2 5 3 11 0 9 1 18 5 18 2 13 2 2 18 3 5 3 6 15 5 2 7 19
10 3 6 15 5 2 7 19 1 0 17 4 6 15 7 11 3 5 4 19 2 5 15 6 13 5 4 10 1 10 0 12 7 5 2 14 4 3 11 0 7 5 13 7 3 5 3 11 0 9 1 18 5 18 2 13 2 1 1 3 13 2 2 18 3 5 2 2 3 4 5
10 1 0 17 5 4 10 1 10 0 12 7 5 2 14 4 7 18 6 3 5 11 2 16 3 6 15 5 2 7 19 2 5 15 6 13 4 3 11 0 7 5 13 7 3 1 4 2 2 1 1 3 13 5 3 11 0 9 1 18 5 18 2 13 4 6 15 7 11 3 5 4 19
10 1 0 17 2 5 15 6 13 3 3 5 4 2 7 18 5 3 11 0 9 1 18 5 18 2 13 4 3 11 0 7 5 13 7 3 2 2 18 3 5 2 4 6 5 3 3 6 15 5 2 7 19 4 7 18 6 3 5 11 2 16 5 4 10 1 10 0 12 7 5 2 14
10 2 1 1 3 13 3 6 15 5 2 7 19 4 7 18 6 3 5 11 2 16 2 2 18 3 5 2 4 6 5 3 1 0 17 2 2 3 4 5 3 3 5 4 2 7 18 5 4 10 1 10 0 12 7 5 2 14 5 3 11 0 9 1 18 5 18 2 13
10 4 3 11 0 7 5 13 7 3 3 3 5 4 2 7 18 4 7 18 6 3 5 11 2 16 1 0 17 5 3 11 0 9 1 18 5 18 2 13 3 6 15 5 2 7 19 1 4 2 2 2 3 4 5 4 6 15 7 11 3 5 4 19 2 1 1 3 13
10 5 4 10 1 10 0 12 7 5 2 14 1 4 2 2 2 18 3 5 4 4 7 1 1 6 2 2 19 2 5 15 6 13 4 7 18 6 3 5 11 2 16 4 6 15 7 11 3 5 4 19 5 3 11 0 9 1 18 5 18 2 13 2 4 6 5 3 4 3 11 0 7 5 13 7 3
10 4 7 18 6 3 5 11 2 16 3 3 5 4 2 7 18 2 1 1 3 13 4 4 7 1 1 6 2 2 19 2 4 6 5 3 2 2 18 3 5 2 5 15 6 13 1 4 2 5 3 11 0 9 1 18 5 18 2 13 1 0 17
10 5 4 10 1 10 0 12 7 5 2 14 2 4 6 5 3 2 5 15 6 13 4 6 15 7 11 3 5 4 19 4 7 18 6 3 5 11 2 16 1 0 17 5 3 11 0 9 1 18 5 18 2 13 3 3 5 4 2 7 18 2 2 18 3 5 4 4 7 1 1 6 2 2 19
1 0 0
2 6 0
3 12 0
4 18 0
5 0 6
6 6 6
7 12 6
8 18 6
9 0 12
10 6 12
11 12 12
12 18 12
13 0 18
14 6 18
15 12 18
16 18 18
1 1 2 1.0
2 2 3 1.5
3 3 4 2.0
4 5 6 1.5
5 6 7 2.0
6 7 8 1.0
7 9 10 2.0
8 10 11 1.0
9 11 12 1.5
10 13 14 1.0
11 14 15 1.5
12 15 16 2.0
13 1 5 1.0
14 2 6 1.5
15 3 7 2.0
16 4 8 1.0
17 5 9 1.5
18 6 10 2.0
19 7 11 1.0
20 8 12 1.5
21 9 13 2.0
22 10 14 1.0
23 11 15 1.5
24 12 16 2.0
0 1
1 3
2 5
3 7
4 9
5 11
6 13
7 15
1 1 1.0
2 2 1.0
3 3 1.0
4 4 1.0
