10 10 5 20 31
15 4 1 8 5 3 6 2 8 5 2 8 7 0 2 5 6 4 0 4 8 1 1 7 9 4 2 0 1 7 2 3 6 5 2 8 4 8 5 0 3 7 8 1 5 2 8 9 9 3 4 6 0 1 5 2 5 1 5 0 9 8 1 4 7 3 6 2 9 6 0 2 2 6 9 4 6 2 3 8 6 2 5 1 1 4 8 3 2 0 8 2 7 3 9 2 7 9 3 5 3 6 5 2 7 8 3 3 8 4 4 8 0 1
15 5 0 3 7 8 1 5 2 8 9 9 5 6 4 0 4 8 1 1 7 9 4 3 4 6 0 1 5 2 5 1 1 4 8 3 2 0 8 2 7 2 3 8 6 2 2 9 6 0 2 3 9 2 7 9 3 5 2 6 9 4 6 3 6 5 2 7 8 3 3 6 5 2 8 4 8 3 8 4 4 8 0 1 2 8 7 0 2 2 0 1 7 2 4 1 8 5 3 6 2 8 5 5 1 5 0 9 8 1 4 7 3 6
15 2 0 1 7 2 2 6 9 4 6 2 9 6 0 2 2 3 8 6 2 5 1 1 4 8 3 2 0 8 2 7 3 8 4 4 8 0 1 2 8 7 0 2 3 6 5 2 7 8 3 5 6 4 0 4 8 1 1 7 9 4 4 1 8 5 3 6 2 8 5 5 0 3 7 8 1 5 2 8 9 9 3 9 2 7 9 3 5 5 1 5 0 9 8 1 4 7 3 6 3 4 6 0 1 5 2 3 6 5 2 8 4 8
15 3 4 6 0 1 5 2 5 1 5 0 9 8 1 4 7 3 6 5 0 3 7 8 1 5 2 8 9 9 5 1 1 4 8 3 2 0 8 2 7 2 3 8 6 2 2 9 6 0 2 3 6 5 2 8 4 8 2 8 7 0 2 3 6 5 2 7 8 3 3 8 4 4 8 0 1 4 1 8 5 3 6 2 8 5 2 0 1 7 2 5 6 4 0 4 8 1 1 7 9 4 2 6 9 4 6 3 9 2 7 9 3 5
15 3 9 2 7 9 3 5 2 0 1 7 2 3 8 4 4 8 0 1 2 8 7 0 2 3 6 5 2 8 4 8 5 1 1 4 8 3 2 0 8 2 7 3 4 6 0 1 5 2 3 6 5 2 7 8 3 4 1 8 5 3 6 2 8 5 2 9 6 0 2 5 6 4 0 4 8 1 1 7 9 4 2 6 9 4 6 5 1 5 0 9 8 1 4 7 3 6 5 0 3 7 8 1 5 2 8 9 9 2 3 8 6 2
15 3 6 5 2 8 4 8 5 0 3 7 8 1 5 2 8 9 9 2 6 9 4 6 3 4 6 0 1 5 2 5 1 5 0 9 8 1 4 7 3 6 2 3 8 6 2 2 8 7 0 2 5 1 1 4 8 3 2 0 8 2 7 5 6 4 0 4 8 1 1 7 9 4 4 1 8 5 3 6 2 8 5 2 0 1 7 2 3 6 5 2 7 8 3 2 9 6 0 2 3 8 4 4 8 0 1 3 9 2 7 9 3 5
15 3 4 6 0 1 5 2 3 9 2 7 9 3 5 3 6 5 2 8 4 8 5 0 3 7 8 1 5 2 8 9 9 2 0 1 7 2 2 8 7 0 2 5 1 1 4 8 3 2 0 8 2 7 3 6 5 2 7 8 3 5 6 4 0 4 8 1 1 7 9 4 3 8 4 4 8 0 1 2 9 6 0 2 4 1 8 5 3 6 2 8 5 2 6 9 4 6 2 3 8 6 2 5 1 5 0 9 8 1 4 7 3 6
15 5 6 4 0 4 8 1 1 7 9 4 3 6 5 2 7 8 3 3 6 5 2 8 4 8 2 0 1 7 2 3 4 6 0 1 5 2 5 1 5 0 9 8 1 4 7 3 6 3 9 2 7 9 3 5 3 8 4 4 8 0 1 2 8 7 0 2 4 1 8 5 3 6 2 8 5 5 0 3 7 8 1 5 2 8 9 9 2 3 8 6 2 2 9 6 0 2 5 1 1 4 8 3 2 0 8 2 7 2 6 9 4 6
15 4 1 8 5 3 6 2 8 5 3 8 4 4 8 0 1 3 6 5 2 8 4 8 5 6 4 0 4 8 1 1 7 9 4 5 1 1 4 8 3 2 0 8 2 7 2 3 8 6 2 2 8 7 0 2 3 9 2 7 9 3 5 5 0 3 7 8 1 5 2 8 9 9 2 9 6 0 2 5 1 5 0 9 8 1 4 7 3 6 3 6 5 2 7 8 3 2 6 9 4 6 2 0 1 7 2 3 4 6 0 1 5 2
15 2 0 1 7 2 4 1 8 5 3 6 2 8 5 3 9 2 7 9 3 5 3 6 5 2 8 4 8 3 6 5 2 7 8 3 2 9 6 0 2 2 6 9 4 6 3 8 4 4 8 0 1 5 6 4 0 4 8 1 1 7 9 4 5 1 5 0 9 8 1 4 7 3 6 5 0 3 7 8 1 5 2 8 9 9 3 4 6 0 1 5 2 5 1 1 4 8 3 2 0 8 2 7 2 3 8 6 2 2 8 7 0 2
1 0 0
2 5 0
3 10 0
4 15 0
5 20 0
6 0 6
7 5 6
8 10 6
9 15 6
10 20 6
11 0 12
12 5 12
13 10 12
14 15 12
15 20 12
16 0 18
17 5 18
18 10 18
19 15 18
20 20 18
1 1 2 1.0
2 2 3 1.5
3 3 4 2.0
4 4 5 1.0
5 6 7 1.5
6 7 8 2.0
7 8 9 1.0
8 9 10 1.5
9 11 12 2.0
10 12 13 1.0
11 13 14 1.5
12 14 15 2.0
13 16 17 1.0
14 17 18 1.5
15 18 19 2.0
16 19 20 1.0
17 1 6 1.0
18 2 7 1.5
19 3 8 2.0
20 4 9 1.0
21 5 10 1.5
22 6 11 1.5
23 7 12 2.0
24 8 13 1.0
25 9 14 1.5
26 10 15 2.0
27 11 16 2.0
28 12 17 1.0
29 13 18 1.5
30 14 19 2.0
31 15 20 1.0
0 1
1 3
2 5
3 7
4 9
5 11
6 13
7 15
8 17
9 19
1 1 1.0
2 2 1.0
3 3 1.0
4 4 1.0
5 5 1.0
