20 5 2 12 17
5 2 1 4 0 15 2 2 18 0 15 1 1 4 1 3 18 5 2 8 4 2 3 5 0 7 1 7
5 2 0 3 4 13 5 2 8 4 2 3 5 0 7 1 7 2 1 4 0 15 3 0 8 4 1 1 5 3 0 3 4 13 2 2
5 5 1 18 4 1 3 19 0 9 2 3 1 3 18 2 3 11 2 9 1 1 4 3 4 12 2 14 3 19
5 2 1 4 0 15 4 3 10 2 10 1 17 4 8 4 4 18 2 13 1 2 0 5 5 3 10 4 15 0 2 2 9 1 16 2 2 15 0 6
5 3 0 3 4 13 2 2 2 2 18 0 15 5 1 18 4 1 3 19 0 9 2 3 3 4 12 2 14 3 19 1 3 5
5 5 2 8 4 2 3 5 0 7 1 7 2 2 18 0 15 2 0 15 4 7 2 1 7 0 17 2 1 4 0 15
5 1 3 5 2 0 15 4 7 2 1 4 0 15 3 0 3 4 13 2 2 4 3 6 1 17 2 15 4 7
5 4 3 6 1 17 2 15 4 7 3 2 18 0 2 3 15 4 1 14 3 14 2 19 4 15 1 1 4 2 1 7 0 17
5 5 1 18 4 1 3 19 0 9 2 3 4 3 6 1 17 2 15 4 7 3 0 8 4 1 1 5 4 1 14 3 14 2 19 4 15 2 0 17 4 15
5 2 0 15 4 7 4 3 10 2 10 1 17 4 8 2 2 15 0 6 1 3 5 5 2 16 4 17 3 10 1 10 0 7
5 1 3 18 3 0 8 4 1 1 5 5 2 8 4 2 3 5 0 7 1 7 2 0 15 4 7 2 0 17 4 15
5 3 4 12 2 14 3 19 4 3 10 2 10 1 17 4 8 2 2 15 0 6 5 2 8 4 2 3 5 0 7 1 7 5 2 16 4 17 3 10 1 10 0 7
5 2 0 17 4 15 1 3 18 4 1 17 4 19 3 5 2 12 3 2 18 0 2 3 15 3 0 8 4 1 1 5
5 2 4 1 2 5 3 2 18 0 2 3 15 4 3 10 2 10 1 17 4 8 2 2 18 0 15 5 2 8 4 2 3 5 0 7 1 7
5 5 2 8 4 2 3 5 0 7 1 7 2 4 1 2 5 3 4 12 2 14 3 19 5 2 16 4 17 3 10 1 10 0 7 2 0 17 4 15
5 5 3 10 4 15 0 2 2 9 1 16 2 3 11 2 9 1 1 4 2 0 15 4 7 1 3 5
5 5 2 8 4 2 3 5 0 7 1 7 4 1 14 3 14 2 19 4 15 3 2 18 0 2 3 15 2 2 15 0 6 5 1 18 4 1 3 19 0 9 2 3
5 1 1 4 3 0 8 4 1 1 5 2 4 1 2 5 2 2 18 0 15 2 0 15 4 7
5 3 0 3 4 13 2 2 4 3 6 1 17 2 15 4 7 4 4 18 2 13 1 2 0 5 1 3 18 2 0 3 4 13
5 1 3 5 2 1 4 0 15 1 3 18 2 0 15 4 7 5 3 10 4 15 0 2 2 9 1 16
1 0 0
2 6 0
3 12 0
4 18 0
5 0 10
6 6 10
7 12 10
8 18 10
9 0 20
10 6 20
11 12 20
12 18 20
1 1 2 1.0
2 2 3 1.5
3 3 4 2.0
4 5 6 1.5
5 6 7 2.0
6 7 8 1.0
7 9 10 2.0
8 10 11 1.0
9 11 12 1.5
10 1 5 1.0
11 2 6 1.5
12 3 7 2.0
13 4 8 1.0
14 5 9 1.5
15 6 10 2.0
16 7 11 1.0
17 8 12 1.5
1 1
2 3
3 5
4 7
5 9
1 1 1.0
2 2 1.0
