30 15 7 25 40
8 1 8 20 2 4 28 9 19 1 11 17 1 11 17 2 12 27 13 25 2 8 28 4 25 1 8 20 2 12 15 1 21
11 2 4 29 9 28 1 13 14 2 12 27 13 25 2 8 28 4 25 1 13 18 2 4 22 14 27 2 13 20 9 18 1 13 16 1 8 20 1 6 17 2 13 27 7 23
8 2 12 17 2 19 2 13 20 9 18 1 11 17 2 4 28 0 11 1 0 25 2 3 16 12 10 2 10 25 5 23 1 13 16
10 2 4 29 9 28 1 6 17 2 4 12 8 17 1 3 16 2 11 19 13 13 1 1 20 2 13 20 9 18 1 13 16 2 4 28 0 11 2 3 16 12 10
9 2 4 22 14 27 2 4 28 0 11 1 8 20 2 13 27 7 23 2 8 28 4 25 1 11 17 1 10 11 2 4 28 9 19 1 6 17
8 1 13 20 1 10 11 2 4 29 9 28 1 10 27 2 10 25 5 23 1 11 17 2 13 27 7 23 2 12 27 13 25
8 2 13 27 7 23 1 1 20 2 11 19 13 13 2 4 28 0 11 2 3 16 12 10 2 4 12 8 17 2 11 13 3 10 2 10 25 5 23
11 1 13 16 1 13 18 2 4 12 8 17 2 12 27 13 25 1 11 17 2 4 22 14 27 2 10 25 5 23 1 0 25 2 4 28 0 11 1 11 17 2 4 29 9 28
11 1 10 11 1 11 17 1 13 14 2 8 14 5 19 1 13 20 1 6 17 1 0 25 1 8 20 2 4 28 0 11 1 1 20 2 3 16 12 10
10 2 10 25 5 23 2 13 20 9 18 1 13 14 1 11 17 1 13 18 2 12 27 13 25 1 13 20 1 3 16 2 11 13 3 10 1 0 25
10 2 4 29 9 28 1 8 20 2 12 17 2 19 2 13 27 7 23 2 3 16 12 10 1 13 14 2 8 14 5 19 1 11 17 1 13 20 1 13 16
8 2 4 29 9 28 2 10 25 5 23 1 11 17 1 8 20 2 12 27 13 25 2 12 15 1 21 2 4 28 9 19 2 11 13 3 10
11 2 13 20 9 18 2 11 19 13 13 2 12 17 2 19 2 3 16 12 10 1 13 16 1 13 18 2 12 15 1 21 2 10 25 5 23 1 13 14 1 8 20 1 11 17
9 1 10 27 2 3 16 12 10 2 4 28 0 11 1 13 18 1 1 20 2 12 15 1 21 1 13 14 1 3 16 2 13 20 9 18
10 2 4 12 8 17 1 11 17 1 10 11 1 13 18 2 4 29 9 28 1 1 20 2 3 16 12 10 2 4 22 14 27 1 8 20 2 4 28 0 11
9 1 8 20 1 13 18 2 4 28 9 19 1 8 20 2 12 15 1 21 2 8 28 4 25 2 4 28 0 11 2 4 22 14 27 2 10 25 5 23
8 2 4 22 14 27 2 13 27 7 23 1 13 18 1 1 20 2 12 15 1 21 1 10 27 1 6 17 2 3 16 12 10
9 1 10 11 2 12 17 2 19 1 8 20 1 13 14 2 8 28 4 25 2 11 19 13 13 2 4 28 9 19 2 4 12 8 17 1 11 17
10 1 8 20 2 11 13 3 10 2 4 29 9 28 1 11 17 2 4 22 14 27 2 12 15 1 21 1 10 27 2 8 14 5 19 2 10 25 5 23 2 11 19 13 13
8 2 8 28 4 25 2 12 27 13 25 2 13 27 7 23 2 4 28 0 11 1 11 17 2 10 25 5 23 1 8 20 1 13 20
8 1 13 14 2 13 20 9 18 2 4 22 14 27 2 8 14 5 19 2 3 16 12 10 2 11 19 13 13 1 8 20 2 12 27 13 25
8 2 4 29 9 28 2 12 17 2 19 1 11 17 2 8 28 4 25 1 13 14 1 13 18 2 10 25 5 23 2 13 20 9 18
8 2 3 16 12 10 1 11 17 1 6 17 2 8 14 5 19 2 4 12 8 17 1 1 20 1 13 20 2 4 29 9 28
11 2 13 27 7 23 1 3 16 1 8 20 1 1 20 2 10 25 5 23 2 4 28 0 11 2 3 16 12 10 1 0 25 2 4 28 9 19 1 13 14 2 12 27 13 25
9 2 10 25 5 23 2 8 14 5 19 2 4 28 0 11 1 13 18 2 13 27 7 23 2 12 27 13 25 2 3 16 12 10 2 11 19 13 13 1 10 27
8 1 13 14 2 13 27 7 23 2 8 14 5 19 2 4 22 14 27 2 11 19 13 13 1 10 27 1 13 18 2 4 28 0 11
10 1 13 20 1 11 17 2 3 16 12 10 1 6 17 1 8 20 2 4 22 14 27 2 4 28 9 19 1 10 11 2 11 19 13 13 2 8 14 5 19
8 2 13 20 9 18 1 3 16 1 13 20 2 8 14 5 19 1 6 17 1 13 16 1 8 20 2 4 29 9 28
10 2 11 13 3 10 2 8 28 4 25 1 11 17 2 4 28 0 11 2 13 27 7 23 1 8 20 1 13 20 2 13 20 9 18 2 12 27 13 25 1 3 16
11 1 3 16 1 6 17 2 12 15 1 21 2 3 16 12 10 2 4 28 0 11 2 4 28 9 19 1 13 14 2 12 27 13 25 1 13 20 1 13 16 1 11 17
1 0 0
2 5 0
3 10 0
4 15 0
5 20 0
6 0 5
7 5 5
8 10 5
9 15 5
10 20 5
11 0 10
12 5 10
13 10 10
14 15 10
15 20 10
16 0 15
17 5 15
18 10 15
19 15 15
20 20 15
21 0 20
22 5 20
23 10 20
24 15 20
25 20 20
1 1 2 1.0
2 2 3 1.5
3 3 4 2.0
4 4 5 1.0
5 6 7 1.5
6 7 8 2.0
7 8 9 1.0
8 9 10 1.5
9 11 12 2.0
10 12 13 1.0
11 13 14 1.5
12 14 15 2.0
13 16 17 1.0
14 17 18 1.5
15 18 19 2.0
16 19 20 1.0
17 21 22 1.5
18 22 23 2.0
19 23 24 1.0
20 24 25 1.5
21 1 6 1.0
22 2 7 1.5
23 3 8 2.0
24 4 9 1.0
25 5 10 1.5
26 6 11 1.5
27 7 12 2.0
28 8 13 1.0
29 9 14 1.5
30 10 15 2.0
31 11 16 2.0
32 12 17 1.0
33 13 18 1.5
34 14 19 2.0
35 15 20 1.0
36 16 21 1.0
37 17 22 1.5
38 18 23 2.0
39 19 24 1.0
40 20 25 1.5
1 1
2 2
3 3
4 4
5 5
6 6
7 7
8 8
9 9
10 10
11 11
12 12
13 13
14 14
15 15
1 1 1.0
2 2 1.0
3 3 1.0
4 4 1.0
5 5 1.0
6 6 1.0
7 7 1.0
