30 15 7 25 40
9 2 2 24 3 18 1 0 17 1 1 10 4 7 14 1 11 11 20 5 13 2 6 28 0 13 4 14 11 11 21 6 10 1 14 5 5 18 4 13 7 18 10 18 3 20 1 11 26 2 12 11 2 20
9 1 0 17 1 12 18 5 9 15 12 16 4 11 13 25 7 24 4 5 18 11 25 12 24 0 12 4 1 10 10 21 14 17 6 18 1 4 23 2 2 24 3 18 2 2 16 1 18 2 10 22 8 24
10 2 1 25 14 27 5 9 15 12 16 4 11 13 25 7 24 5 5 18 4 13 7 18 10 18 3 20 1 0 17 4 7 14 1 11 11 20 5 13 5 3 16 8 13 0 23 12 26 1 29 2 2 24 3 18 1 7 15 1 12 18 2 6 12 5 18
9 4 4 18 6 15 9 19 12 26 2 2 16 1 18 2 6 12 5 18 2 2 24 3 18 4 1 10 10 21 14 17 6 18 2 1 25 14 27 1 12 18 5 9 15 12 16 4 11 13 25 7 24 5 3 16 8 13 0 23 12 26 1 29
9 5 5 18 4 13 7 18 10 18 3 20 4 9 16 5 19 10 14 0 25 2 2 16 1 18 4 14 11 11 21 6 10 1 14 1 11 26 3 4 12 13 16 10 20 1 1 10 5 9 15 12 16 4 11 13 25 7 24 2 6 28 0 13
8 1 0 17 1 7 15 5 6 21 9 29 13 25 5 27 3 14 4 9 16 5 19 10 14 0 25 4 7 14 1 11 11 20 5 13 5 3 16 8 13 0 23 12 26 1 29 1 12 18 2 1 25 14 27
11 1 7 15 2 6 28 0 13 2 1 25 14 27 1 11 22 1 4 23 5 3 16 8 13 0 23 12 26 1 29 4 5 18 11 25 12 24 0 12 2 2 16 1 18 4 1 10 10 21 14 17 6 18 5 2 15 0 29 11 21 8 22 14 27 5 9 15 12 16 4 11 13 25 7 24
9 3 4 12 13 16 10 20 2 6 12 5 18 4 7 14 1 11 11 20 5 13 4 9 16 5 19 10 14 0 25 1 11 22 4 5 18 11 25 12 24 0 12 1 0 17 5 3 16 8 13 0 23 12 26 1 29 1 1 10
10 1 11 22 2 1 25 14 27 5 3 16 8 13 0 23 12 26 1 29 2 6 12 5 18 4 4 18 6 15 9 19 12 26 5 11 22 3 12 13 26 8 17 7 10 2 6 28 0 13 1 0 17 1 1 10 4 0 14 6 22 14 24 8 20
8 4 4 18 6 15 9 19 12 26 2 2 16 1 18 5 3 16 8 13 0 23 12 26 1 29 5 2 15 0 29 11 21 8 22 14 27 4 7 14 1 11 11 20 5 13 1 4 23 4 5 18 11 25 12 24 0 12 5 11 22 3 12 13 26 8 17 7 10
10 1 0 17 1 12 18 2 1 25 14 27 1 7 15 4 7 14 1 11 11 20 5 13 2 6 12 5 18 4 1 10 10 21 14 17 6 18 5 3 16 8 13 0 23 12 26 1 29 4 5 21 0 16 6 22 2 23 5 5 18 4 13 7 18 10 18 3 20
8 3 4 12 13 16 10 20 4 4 18 6 15 9 19 12 26 2 1 25 14 27 2 12 11 2 20 1 11 22 5 9 15 12 16 4 11 13 25 7 24 4 5 21 0 16 6 22 2 23 4 1 10 10 21 14 17 6 18
10 5 2 15 0 29 11 21 8 22 14 27 1 12 18 5 6 21 9 29 13 25 5 27 3 14 3 4 12 13 16 10 20 4 7 14 1 11 11 20 5 13 1 4 23 2 6 15 10 15 1 0 17 5 3 16 8 13 0 23 12 26 1 29 5 9 15 12 16 4 11 13 25 7 24
9 4 7 14 1 11 11 20 5 13 4 5 18 11 25 12 24 0 12 5 5 18 4 13 7 18 10 18 3 20 2 12 11 2 20 4 0 14 6 22 14 24 8 20 2 2 24 3 18 2 2 16 1 18 5 9 15 12 16 4 11 13 25 7 24 1 12 18
11 4 9 16 5 19 10 14 0 25 3 4 12 13 16 10 20 2 12 11 2 20 4 5 18 11 25 12 24 0 12 1 4 23 1 7 15 4 4 18 6 15 9 19 12 26 2 2 24 3 18 2 10 22 8 24 4 14 11 11 21 6 10 1 14 5 3 16 8 13 0 23 12 26 1 29
8 2 12 11 2 20 2 1 25 14 27 4 5 21 0 16 6 22 2 23 1 11 22 4 5 18 11 25 12 24 0 12 4 4 18 6 15 9 19 12 26 5 11 22 3 12 13 26 8 17 7 10 2 2 16 1 18
11 4 9 16 5 19 10 14 0 25 4 7 14 1 11 11 20 5 13 1 7 15 2 6 15 10 15 5 6 21 9 29 13 25 5 27 3 14 5 11 22 3 12 13 26 8 17 7 10 1 12 18 4 0 14 6 22 14 24 8 20 4 4 18 6 15 9 19 12 26 5 2 15 0 29 11 21 8 22 14 27 2 6 28 0 13
11 4 1 10 10 21 14 17 6 18 1 4 23 2 6 28 0 13 4 0 14 6 22 14 24 8 20 5 9 15 12 16 4 11 13 25 7 24 4 9 16 5 19 10 14 0 25 2 1 25 14 27 3 4 12 13 16 10 20 5 2 15 0 29 11 21 8 22 14 27 1 7 15 2 2 24 3 18
8 4 1 10 10 21 14 17 6 18 1 11 26 4 7 14 1 11 11 20 5 13 5 5 18 4 13 7 18 10 18 3 20 2 12 11 2 20 2 6 12 5 18 5 3 16 8 13 0 23 12 26 1 29 2 2 24 3 18
8 5 11 22 3 12 13 26 8 17 7 10 1 12 18 4 7 14 1 11 11 20 5 13 2 10 22 8 24 5 2 15 0 29 11 21 8 22 14 27 5 3 16 8 13 0 23 12 26 1 29 3 4 12 13 16 10 20 4 5 18 11 25 12 24 0 12
9 4 0 14 6 22 14 24 8 20 3 4 12 13 16 10 20 5 3 16 8 13 0 23 12 26 1 29 5 9 15 12 16 4 11 13 25 7 24 5 6 21 9 29 13 25 5 27 3 14 1 12 18 2 10 22 8 24 2 2 24 3 18 4 4 18 6 15 9 19 12 26
11 1 0 17 5 11 22 3 12 13 26 8 17 7 10 4 9 16 5 19 10 14 0 25 1 1 10 4 4 18 6 15 9 19 12 26 4 7 14 1 11 11 20 5 13 5 3 16 8 13 0 23 12 26 1 29 2 6 28 0 13 5 5 18 4 13 7 18 10 18 3 20 4 14 11 11 21 6 10 1 14 2 2 24 3 18
9 4 4 18 6 15 9 19 12 26 2 6 15 10 15 5 5 18 4 13 7 18 10 18 3 20 1 1 10 1 11 26 4 14 11 11 21 6 10 1 14 5 6 21 9 29 13 25 5 27 3 14 4 9 16 5 19 10 14 0 25 4 5 21 0 16 6 22 2 23
8 5 5 18 4 13 7 18 10 18 3 20 4 1 10 10 21 14 17 6 18 5 6 21 9 29 13 25 5 27 3 14 1 0 17 1 11 26 4 7 14 1 11 11 20 5 13 4 5 21 0 16 6 22 2 23 2 1 25 14 27
10 2 6 12 5 18 4 5 21 0 16 6 22 2 23 5 5 18 4 13 7 18 10 18 3 20 1 7 15 4 9 16 5 19 10 14 0 25 1 11 26 4 0 14 6 22 14 24 8 20 4 5 18 11 25 12 24 0 12 4 1 10 10 21 14 17 6 18 5 6 21 9 29 13 25 5 27 3 14
10 2 6 15 10 15 2 12 11 2 20 4 14 11 11 21 6 10 1 14 5 3 16 8 13 0 23 12 26 1 29 1 4 23 4 5 18 11 25 12 24 0 12 1 1 10 4 9 16 5 19 10 14 0 25 5 6 21 9 29 13 25 5 27 3 14 2 2 24 3 18
11 4 14 11 11 21 6 10 1 14 2 6 12 5 18 5 5 18 4 13 7 18 10 18 3 20 5 11 22 3 12 13 26 8 17 7 10 1 7 15 3 4 12 13 16 10 20 5 6 21 9 29 13 25 5 27 3 14 2 2 16 1 18 5 9 15 12 16 4 11 13 25 7 24 4 4 18 6 15 9 19 12 26 1 11 22
10 1 7 15 5 3 16 8 13 0 23 12 26 1 29 4 4 18 6 15 9 19 12 26 1 0 17 1 4 23 3 4 12 13 16 10 20 2 1 25 14 27 5 11 22 3 12 13 26 8 17 7 10 4 0 14 6 22 14 24 8 20 4 5 21 0 16 6 22 2 23
11 2 6 12 5 18 4 5 21 0 16 6 22 2 23 1 12 18 2 6 28 0 13 1 4 23 1 7 15 4 9 16 5 19 10 14 0 25 2 10 22 8 24 1 1 10 1 11 22 2 1 25 14 27
9 5 6 21 9 29 13 25 5 27 3 14 4 5 18 11 25 12 24 0 12 2 2 24 3 18 4 0 14 6 22 14 24 8 20 4 1 10 10 21 14 17 6 18 4 9 16 5 19 10 14 0 25 1 7 15 1 11 22 2 6 12 5 18
1 0 0
2 5 0
3 10 0
4 15 0
5 20 0
6 0 5
7 5 5
8 10 5
9 15 5
10 20 5
11 0 10
12 5 10
13 10 10
14 15 10
15 20 10
16 0 15
17 5 15
18 10 15
19 15 15
20 20 15
21 0 20
22 5 20
23 10 20
24 15 20
25 20 20
1 1 2 1.0
2 2 3 1.5
3 3 4 2.0
4 4 5 1.0
5 6 7 1.5
6 7 8 2.0
7 8 9 1.0
8 9 10 1.5
9 11 12 2.0
10 12 13 1.0
11 13 14 1.5
12 14 15 2.0
13 16 17 1.0
14 17 18 1.5
15 18 19 2.0
16 19 20 1.0
17 21 22 1.5
18 22 23 2.0
19 23 24 1.0
20 24 25 1.5
21 1 6 1.0
22 2 7 1.5
23 3 8 2.0
24 4 9 1.0
25 5 10 1.5
26 6 11 1.5
27 7 12 2.0
28 8 13 1.0
29 9 14 1.5
30 10 15 2.0
31 11 16 2.0
32 12 17 1.0
33 13 18 1.5
34 14 19 2.0
35 15 20 1.0
36 16 21 1.0
37 17 22 1.5
38 18 23 2.0
39 19 24 1.0
40 20 25 1.5
1 1
2 2
3 3
4 4
5 5
6 6
7 7
8 8
9 9
10 10
11 11
12 12
13 13
14 14
15 15
1 1 1.0
2 2 1.0
3 3 1.0
4 4 1.0
5 5 1.0
6 6 1.0
7 7 1.0
