10 60 30 81 144
5 4 0 14 1 23 2 22 3 27 40 4 24 5 19 6 24 7 18 8 25 9 14 10 17 11 15 16 30 17 30 18 17 19 19 20 27 21 12 22 15 23 29 24 10 25 24 26 21 27 20 32 27 33 17 34 24 35 14 40 23 41 28 42 30 43 21 44 24 45 15 46 12 47 29 48 10 49 16 50 22 51 20 52 24 53 21 54 15 55 24 20 8 28 9 12 10 24 11 29 12 23 13 18 14 18 15 17 24 12 25 21 26 28 27 28 36 15 37 28 38 22 39 13 48 15 49 19 50 24 51 17 28 4 19 5 28 6 25 7 18 12 11 13 21 14 12 15 10 20 20 21 12 22 15 23 22 24 15 25 20 26 23 27 14 28 19 29 18 30 10 31 19 32 15 33 24 34 19 35 20 52 21 53 11 54 29 55 28 4 56 22 57 28 58 18 59 18
5 4 0 18 1 10 2 18 3 27 16 4 22 5 24 6 29 7 21 32 25 33 15 34 17 35 11 40 20 41 22 42 13 43 25 44 28 45 13 46 11 47 25 12 12 24 13 29 14 30 15 22 28 20 29 11 30 22 31 21 44 11 45 17 46 16 47 13 4 40 21 41 17 42 10 43 13 4 56 27 57 16 58 17 59 15
5 4 0 22 1 10 2 15 3 28 48 4 24 5 20 6 11 7 11 8 12 9 22 10 13 11 14 12 25 13 19 14 27 15 22 16 30 17 19 18 29 19 21 20 27 21 11 22 18 23 30 24 21 25 11 26 18 27 15 28 10 29 20 30 15 31 11 36 19 37 14 38 17 39 20 40 15 41 18 42 13 43 13 44 18 45 19 46 22 47 12 48 29 49 27 50 16 51 10 52 24 53 15 54 20 55 24 20 24 27 25 18 26 29 27 29 28 22 29 10 30 26 31 29 36 17 37 21 38 17 39 16 48 27 49 12 50 13 51 25 52 24 53 25 54 10 55 14 48 4 29 5 26 6 18 7 24 8 23 9 11 10 20 11 26 12 16 13 17 14 26 15 19 16 14 17 25 18 16 19 27 24 28 25 11 26 18 27 15 28 28 29 24 30 10 31 15 32 22 33 29 34 21 35 21 36 20 37 17 38 28 39 21 40 20 41 26 42 17 43 28 44 17 45 20 46 23 47 15 48 27 49 25 50 11 51 22 52 21 53 27 54 10 55 15 4 56 10 57 30 58 28 59 16
5 4 0 12 1 21 2 12 3 14 52 4 12 5 18 6 30 7 17 8 25 9 24 10 22 11 10 12 26 13 26 14 24 15 23 16 12 17 21 18 21 19 14 20 29 21 21 22 21 23 22 24 25 25 12 26 17 27 30 28 21 29 19 30 29 31 19 32 14 33 28 34 20 35 15 36 26 37 28 38 24 39 15 40 24 41 26 42 24 43 29 44 29 45 27 46 20 47 24 48 14 49 18 50 27 51 14 52 30 53 16 54 24 55 28 4 12 15 13 11 14 21 15 12 44 4 17 5 11 6 11 7 10 12 20 13 29 14 29 15 17 16 16 17 21 18 21 19 20 20 28 21 11 22 22 23 26 24 15 25 10 26 10 27 20 28 19 29 26 30 11 31 27 36 13 37 14 38 25 39 19 40 17 41 18 42 30 43 17 44 21 45 11 46 28 47 22 48 27 49 16 50 25 51 12 52 13 53 28 54 14 55 29 4 56 28 57 23 58 20 59 10
5 4 0 22 1 16 2 26 3 24 52 4 22 5 24 6 16 7 11 8 18 9 29 10 14 11 11 12 25 13 21 14 14 15 17 16 18 17 12 18 21 19 25 20 26 21 16 22 17 23 25 24 13 25 15 26 27 27 27 28 30 29 11 30 24 31 15 32 30 33 26 34 27 35 16 36 30 37 17 38 26 39 13 40 14 41 11 42 22 43 28 44 26 45 30 46 28 47 12 48 23 49 30 50 27 51 26 52 13 53 26 54 30 55 22 24 20 18 21 30 22 24 23 26 24 10 25 30 26 10 27 27 28 10 29 14 30 21 31 21 32 21 33 13 34 27 35 26 40 14 41 26 42 24 43 28 48 28 49 24 50 17 51 21 16 16 22 17 14 18 16 19 19 28 11 29 27 30 23 31 17 32 23 33 16 34 17 35 18 44 14 45 17 46 23 47 23 4 56 18 57 23 58 21 59 16
5 4 0 25 1 14 2 22 3 10 8 12 27 13 24 14 26 15 23 24 30 25 11 26 18 27 23 32 4 15 5 12 6 22 7 10 8 15 9 16 10 17 11 19 20 23 21 19 22 10 23 17 24 18 25 10 26 18 27 20 28 22 29 28 30 19 31 16 44 21 45 21 46 26 47 15 48 25 49 25 50 27 51 12 52 26 53 22 54 11 55 10 12 4 27 5 27 6 14 7 25 40 25 41 18 42 28 43 10 48 11 49 14 50 20 51 17 4 56 18 57 30 58 16 59 16
5 4 0 16 1 16 2 29 3 14 8 40 14 41 28 42 19 43 24 48 21 49 28 50 14 51 30 48 4 10 5 18 6 21 7 18 8 24 9 29 10 17 11 11 12 14 13 18 14 17 15 16 16 23 17 30 18 27 19 30 24 23 25 21 26 12 27 28 28 20 29 18 30 13 31 29 32 10 33 12 34 17 35 18 36 25 37 19 38 18 39 17 40 25 41 11 42 10 43 27 44 26 45 12 46 26 47 16 48 13 49 26 50 15 51 18 52 27 53 15 54 20 55 25 48 4 22 5 28 6 27 7 17 8 10 9 21 10 13 11 22 12 17 13 18 14 22 15 28 20 24 21 22 22 12 23 26 24 10 25 23 26 28 27 29 28 13 29 25 30 20 31 22 32 24 33 26 34 21 35 29 36 21 37 21 38 19 39 13 40 16 41 10 42 13 43 26 44 24 45 22 46 27 47 10 48 18 49 19 50 23 51 27 52 30 53 23 54 12 55 15 4 56 23 57 18 58 17 59 18
5 4 0 22 1 18 2 26 3 21 12 4 16 5 12 6 27 7 16 28 17 29 30 30 18 31 17 40 16 41 21 42 30 43 28 48 8 19 9 29 10 19 11 25 12 27 13 23 14 15 15 11 16 30 17 17 18 11 19 15 20 18 21 26 22 17 23 11 24 22 25 14 26 18 27 15 28 10 29 12 30 20 31 30 32 27 33 21 34 19 35 19 36 19 37 21 38 10 39 10 40 23 41 12 42 20 43 24 44 13 45 28 46 22 47 21 48 24 49 27 50 22 51 19 52 15 53 28 54 17 55 18 36 8 20 9 16 10 25 11 30 12 16 13 16 14 30 15 16 16 26 17 23 18 18 19 15 28 24 29 12 30 22 31 10 32 21 33 10 34 10 35 10 36 19 37 21 38 12 39 12 40 20 41 20 42 21 43 16 44 24 45 26 46 29 47 21 52 24 53 30 54 24 55 11 4 56 18 57 18 58 19 59 24
5 4 0 13 1 27 2 30 3 27 48 4 23 5 30 6 26 7 10 8 26 9 19 10 21 11 30 12 26 13 23 14 22 15 14 20 29 21 16 22 14 23 18 24 18 25 12 26 17 27 18 28 17 29 14 30 19 31 14 32 14 33 13 34 30 35 20 36 13 37 30 38 11 39 14 40 24 41 15 42 15 43 30 44 14 45 19 46 26 47 22 48 27 49 25 50 27 51 16 52 30 53 30 54 22 55 20 52 4 23 5 11 6 29 7 13 8 21 9 14 10 28 11 21 12 26 13 21 14 11 15 20 16 30 17 29 18 30 19 20 20 10 21 24 22 22 23 21 24 12 25 23 26 20 27 10 28 27 29 27 30 13 31 21 32 21 33 21 34 18 35 22 36 20 37 15 38 23 39 29 40 14 41 29 42 29 43 27 44 29 45 25 46 27 47 15 48 21 49 13 50 12 51 13 52 19 53 27 54 12 55 14 16 8 23 9 27 10 22 11 15 12 22 13 13 14 16 15 19 20 25 21 11 22 13 23 21 48 21 49 21 50 23 51 29 4 56 13 57 16 58 22 59 30
5 4 0 11 1 22 2 10 3 19 40 8 19 9 17 10 16 11 20 12 27 13 22 14 15 15 18 16 30 17 13 18 24 19 23 20 21 21 28 22 19 23 12 28 11 29 29 30 16 31 14 32 26 33 25 34 11 35 20 40 12 41 23 42 15 43 22 44 30 45 17 46 21 47 26 48 21 49 29 50 17 51 12 52 17 53 13 54 27 55 23 16 12 29 13 12 14 24 15 20 16 10 17 18 18 18 19 13 24 24 25 10 26 29 27 21 32 14 33 14 34 10 35 19 48 4 21 5 10 6 10 7 14 8 29 9 18 10 24 11 10 12 13 13 12 14 30 15 17 16 26 17 14 18 12 19 27 20 28 21 21 22 21 23 21 24 29 25 12 26 30 27 11 28 23 29 14 30 11 31 11 32 14 33 28 34 13 35 26 40 25 41 14 42 10 43 11 44 14 45 16 46 21 47 20 48 18 49 15 50 21 51 14 52 30 53 21 54 21 55 23 4 56 16 57 16 58 18 59 27
1 0 0
2 2 0
3 4 0
4 6 0
5 8 0
6 10 0
7 12 0
8 14 0
9 16 0
10 0 2
11 2 2
12 4 2
13 6 2
14 8 2
15 10 2
16 12 2
17 14 2
18 16 2
19 0 4
20 2 4
21 4 4
22 6 4
23 8 4
24 10 4
25 12 4
26 14 4
27 16 4
28 0 6
29 2 6
30 4 6
31 6 6
32 8 6
33 10 6
34 12 6
35 14 6
36 16 6
37 0 8
38 2 8
39 4 8
40 6 8
41 8 8
42 10 8
43 12 8
44 14 8
45 16 8
46 0 10
47 2 10
48 4 10
49 6 10
50 8 10
51 10 10
52 12 10
53 14 10
54 16 10
55 0 12
56 2 12
57 4 12
58 6 12
59 8 12
60 10 12
61 12 12
62 14 12
63 16 12
64 0 14
65 2 14
66 4 14
67 6 14
68 8 14
69 10 14
70 12 14
71 14 14
72 16 14
73 0 16
74 2 16
75 4 16
76 6 16
77 8 16
78 10 16
79 12 16
80 14 16
81 16 16
1 1 2 1.0
2 2 3 1.5
3 3 4 2.0
4 4 5 1.0
5 5 6 1.5
6 6 7 2.0
7 7 8 1.0
8 8 9 1.5
9 10 11 1.5
10 11 12 2.0
11 12 13 1.0
12 13 14 1.5
13 14 15 2.0
14 15 16 1.0
15 16 17 1.5
16 17 18 2.0
17 19 20 2.0
18 20 21 1.0
19 21 22 1.5
20 22 23 2.0
21 23 24 1.0
22 24 25 1.5
23 25 26 2.0
24 26 27 1.0
25 28 29 1.0
26 29 30 1.5
27 30 31 2.0
28 31 32 1.0
29 32 33 1.5
30 33 34 2.0
31 34 35 1.0
32 35 36 1.5
33 37 38 1.5
34 38 39 2.0
35 39 40 1.0
36 40 41 1.5
37 41 42 2.0
38 42 43 1.0
39 43 44 1.5
40 44 45 2.0
41 46 47 2.0
42 47 48 1.0
43 48 49 1.5
44 49 50 2.0
45 50 51 1.0
46 51 52 1.5
47 52 53 2.0
48 53 54 1.0
49 55 56 1.0
50 56 57 1.5
51 57 58 2.0
52 58 59 1.0
53 59 60 1.5
54 60 61 2.0
55 61 62 1.0
56 62 63 1.5
57 64 65 1.5
58 65 66 2.0
59 66 67 1.0
60 67 68 1.5
61 68 69 2.0
62 69 70 1.0
63 70 71 1.5
64 71 72 2.0
65 73 74 2.0
66 74 75 1.0
67 75 76 1.5
68 76 77 2.0
69 77 78 1.0
70 78 79 1.5
71 79 80 2.0
72 80 81 1.0
73 1 10 1.0
74 2 11 1.5
75 3 12 2.0
76 4 13 1.0
77 5 14 1.5
78 6 15 2.0
79 7 16 1.0
80 8 17 1.5
81 9 18 2.0
82 10 19 1.5
83 11 20 2.0
84 12 21 1.0
85 13 22 1.5
86 14 23 2.0
87 15 24 1.0
88 16 25 1.5
89 17 26 2.0
90 18 27 1.0
91 19 28 2.0
92 20 29 1.0
93 21 30 1.5
94 22 31 2.0
95 23 32 1.0
96 24 33 1.5
97 25 34 2.0
98 26 35 1.0
99 27 36 1.5
100 28 37 1.0
101 29 38 1.5
102 30 39 2.0
103 31 40 1.0
104 32 41 1.5
105 33 42 2.0
106 34 43 1.0
107 35 44 1.5
108 36 45 2.0
109 37 46 1.5
110 38 47 2.0
111 39 48 1.0
112 40 49 1.5
113 41 50 2.0
114 42 51 1.0
115 43 52 1.5
116 44 53 2.0
117 45 54 1.0
118 46 55 2.0
119 47 56 1.0
120 48 57 1.5
121 49 58 2.0
122 50 59 1.0
123 51 60 1.5
124 52 61 2.0
125 53 62 1.0
126 54 63 1.5
127 55 64 1.0
128 56 65 1.5
129 57 66 2.0
130 58 67 1.0
131 59 68 1.5
132 60 69 2.0
133 61 70 1.0
134 62 71 1.5
135 63 72 2.0
136 64 73 1.5
137 65 74 2.0
138 66 75 1.0
139 67 76 1.5
140 68 77 2.0
141 69 78 1.0
142 70 79 1.5
143 71 80 2.0
144 72 81 1.0
1 1
2 2
3 3
4 4
5 5
6 6
7 7
8 8
9 9
10 10
11 11
12 12
13 13
14 14
15 15
16 16
17 17
18 18
19 19
20 20
21 21
22 22
23 23
24 24
25 25
26 26
27 27
28 28
29 29
30 30
31 31
32 32
33 33
34 34
35 35
36 36
37 37
38 38
39 39
40 40
41 41
42 42
43 43
44 44
45 45
46 46
47 47
48 48
49 49
50 50
51 51
52 52
53 53
54 54
55 55
56 56
57 57
58 58
59 59
60 60
1 1 1.0
2 2 1.0
3 3 1.0
4 4 1.0
5 5 1.0
6 6 1.0
7 7 1.0
8 8 1.0
9 9 1.0
10 10 1.0
11 11 1.0
12 12 1.0
13 13 1.0
14 14 1.0
15 15 1.0
16 16 1.0
17 17 1.0
18 18 1.0
19 19 1.0
20 20 1.0
21 21 1.0
22 22 1.0
23 23 1.0
24 24 1.0
25 25 1.0
26 26 1.0
27 27 1.0
28 28 1.0
29 29 1.0
30 30 1.0
