10 60 30 81 144
5 4 0 27 1 23 2 10 3 28 36 4 15 5 18 6 30 7 12 8 18 9 10 10 18 11 18 12 21 13 14 14 22 15 13 16 16 17 11 18 25 19 19 20 27 21 19 22 17 23 29 28 10 29 25 30 24 31 18 40 15 41 15 42 17 43 19 48 29 49 24 50 15 51 22 52 22 53 10 54 15 55 21 8 8 22 9 17 10 15 11 21 28 18 29 20 30 17 31 12 32 4 20 5 15 6 10 7 20 8 25 9 11 10 26 11 30 16 23 17 12 18 12 19 14 20 17 21 23 22 11 23 19 24 15 25 24 26 30 27 14 28 19 29 21 30 11 31 22 40 14 41 11 42 21 43 20 44 20 45 25 46 19 47 18 4 56 22 57 13 58 10 59 12
5 4 0 23 1 29 2 20 3 24 12 20 16 21 19 22 20 23 26 36 29 37 28 38 15 39 12 48 15 49 20 50 13 51 30 44 4 19 5 19 6 12 7 17 8 28 9 25 10 14 11 25 12 17 13 27 14 16 15 18 16 21 17 16 18 25 19 21 20 30 21 12 22 25 23 22 28 19 29 21 30 23 31 20 32 10 33 25 34 24 35 22 40 17 41 12 42 10 43 11 44 30 45 15 46 24 47 23 48 18 49 22 50 30 51 19 52 21 53 28 54 20 55 28 24 12 19 13 29 14 18 15 16 24 25 25 21 26 14 27 27 28 26 29 11 30 10 31 25 44 27 45 30 46 17 47 26 48 11 49 13 50 20 51 20 52 25 53 13 54 15 55 28 4 56 28 57 23 58 26 59 28
5 4 0 17 1 26 2 24 3 14 32 4 14 5 24 6 25 7 15 12 26 13 10 14 20 15 25 16 19 17 29 18 23 19 12 24 24 25 12 26 19 27 29 28 12 29 10 30 22 31 16 40 24 41 19 42 25 43 20 44 18 45 12 46 10 47 17 48 21 49 14 50 25 51 28 52 4 26 5 15 6 17 7 29 8 27 9 26 10 23 11 23 12 10 13 30 14 20 15 11 16 26 17 21 18 25 19 15 20 15 21 28 22 17 23 21 24 21 25 18 26 15 27 10 28 18 29 27 30 13 31 10 32 14 33 10 34 22 35 13 36 21 37 19 38 19 39 24 40 12 41 13 42 22 43 10 44 23 45 11 46 26 47 16 48 16 49 17 50 24 51 23 52 20 53 24 54 19 55 25 16 4 19 5 21 6 12 7 27 12 24 13 13 14 26 15 25 28 25 29 22 30 27 31 25 44 27 45 23 46 13 47 26 4 56 19 57 15 58 13 59 19
5 4 0 23 1 20 2 13 3 15 44 8 14 9 29 10 26 11 24 12 22 13 24 14 12 15 16 16 16 17 19 18 11 19 22 20 23 21 11 22 22 23 27 24 15 25 21 26 13 27 21 28 21 29 12 30 17 31 13 36 14 37 12 38 25 39 14 40 10 41 18 42 21 43 23 44 13 45 10 46 21 47 14 48 30 49 15 50 20 51 10 52 18 53 15 54 25 55 15 20 4 12 5 18 6 13 7 30 12 13 13 29 14 23 15 18 28 11 29 15 30 19 31 19 32 22 33 16 34 28 35 28 48 30 49 28 50 14 51 29 32 4 22 5 26 6 27 7 17 12 23 13 28 14 17 15 24 16 29 17 13 18 27 19 15 36 12 37 17 38 15 39 18 40 17 41 26 42 22 43 17 44 18 45 26 46 21 47 15 48 12 49 18 50 18 51 16 52 18 53 16 54 23 55 22 4 56 10 57 27 58 27 59 30
5 4 0 18 1 11 2 20 3 30 8 36 17 37 14 38 22 39 23 40 30 41 19 42 16 43 12 24 8 13 9 24 10 21 11 21 12 29 13 28 14 14 15 26 32 19 33 23 34 14 35 10 36 18 37 15 38 16 39 17 44 23 45 30 46 11 47 20 52 29 53 13 54 28 55 18 4 4 28 5 29 6 10 7 22 4 56 23 57 25 58 26 59 15
5 4 0 23 1 13 2 23 3 17 4 4 15 5 16 6 24 7 30 8 8 10 9 24 10 16 11 13 28 18 29 19 30 21 31 18 24 4 12 5 15 6 12 7 13 28 10 29 17 30 25 31 24 32 30 33 25 34 13 35 29 40 11 41 10 42 26 43 30 44 24 45 25 46 20 47 28 52 28 53 26 54 28 55 21 4 56 18 57 11 58 23 59 20
5 4 0 12 1 20 2 24 3 25 24 4 24 5 15 6 25 7 29 8 18 9 26 10 25 11 11 12 29 13 16 14 13 15 10 16 27 17 12 18 11 19 12 24 28 25 17 26 30 27 14 48 23 49 27 50 26 51 23 32 4 12 5 30 6 28 7 30 12 28 13 30 14 17 15 22 16 22 17 30 18 19 19 21 20 16 21 17 22 30 23 16 24 17 25 19 26 14 27 19 36 25 37 25 38 22 39 30 40 17 41 18 42 10 43 15 44 18 45 30 46 22 47 11 4 44 23 45 14 46 23 47 11 4 56 11 57 10 58 22 59 25
5 4 0 11 1 15 2 11 3 22 8 4 15 5 19 6 30 7 23 24 20 25 12 26 17 27 30 52 4 20 5 23 6 14 7 28 8 20 9 19 10 23 11 20 12 29 13 27 14 10 15 12 16 20 17 23 18 10 19 28 20 12 21 16 22 13 23 23 24 16 25 26 26 28 27 22 28 13 29 28 30 26 31 18 32 18 33 24 34 10 35 29 36 23 37 19 38 28 39 18 40 20 41 25 42 12 43 13 44 19 45 30 46 11 47 13 48 11 49 17 50 23 51 28 52 18 53 29 54 12 55 25 16 12 26 13 17 14 16 15 12 16 19 17 13 18 17 19 18 20 20 21 14 22 15 23 18 48 17 49 20 50 24 51 29 4 56 11 57 21 58 16 59 26
5 4 0 21 1 20 2 20 3 26 4 8 21 9 26 10 19 11 21 16 24 16 25 27 26 28 27 16 32 24 33 23 34 21 35 12 36 12 37 17 38 28 39 29 52 24 53 23 54 14 55 24 20 12 19 13 16 14 11 15 20 24 19 25 17 26 26 27 10 40 26 41 20 42 27 43 15 44 10 45 14 46 29 47 30 48 17 49 11 50 16 51 14 4 56 14 57 19 58 20 59 28
5 4 0 22 1 11 2 26 3 28 48 4 28 5 14 6 30 7 19 8 18 9 27 10 30 11 16 12 11 13 24 14 21 15 25 16 16 17 17 18 22 19 11 20 17 21 24 22 21 23 24 24 16 25 16 26 27 27 28 28 14 29 16 30 18 31 16 32 27 33 14 34 29 35 14 40 20 41 14 42 13 43 17 44 18 45 17 46 11 47 19 48 14 49 19 50 10 51 25 52 16 53 11 54 14 55 23 20 12 24 13 12 14 29 15 16 20 25 21 14 22 12 23 23 28 22 29 18 30 25 31 14 36 20 37 13 38 28 39 26 40 12 41 14 42 17 43 23 36 8 21 9 19 10 12 11 27 12 26 13 28 14 22 15 21 16 29 17 11 18 23 19 11 20 16 21 24 22 21 23 25 24 26 25 17 26 24 27 18 28 26 29 19 30 29 31 28 32 12 33 20 34 29 35 10 44 21 45 13 46 27 47 17 48 14 49 20 50 11 51 29 4 56 11 57 20 58 16 59 26
1 0 0
2 2 0
3 4 0
4 6 0
5 8 0
6 10 0
7 12 0
8 14 0
9 16 0
10 0 2
11 2 2
12 4 2
13 6 2
14 8 2
15 10 2
16 12 2
17 14 2
18 16 2
19 0 4
20 2 4
21 4 4
22 6 4
23 8 4
24 10 4
25 12 4
26 14 4
27 16 4
28 0 6
29 2 6
30 4 6
31 6 6
32 8 6
33 10 6
34 12 6
35 14 6
36 16 6
37 0 8
38 2 8
39 4 8
40 6 8
41 8 8
42 10 8
43 12 8
44 14 8
45 16 8
46 0 10
47 2 10
48 4 10
49 6 10
50 8 10
51 10 10
52 12 10
53 14 10
54 16 10
55 0 12
56 2 12
57 4 12
58 6 12
59 8 12
60 10 12
61 12 12
62 14 12
63 16 12
64 0 14
65 2 14
66 4 14
67 6 14
68 8 14
69 10 14
70 12 14
71 14 14
72 16 14
73 0 16
74 2 16
75 4 16
76 6 16
77 8 16
78 10 16
79 12 16
80 14 16
81 16 16
1 1 2 1.0
2 2 3 1.5
3 3 4 2.0
4 4 5 1.0
5 5 6 1.5
6 6 7 2.0
7 7 8 1.0
8 8 9 1.5
9 10 11 1.5
10 11 12 2.0
11 12 13 1.0
12 13 14 1.5
13 14 15 2.0
14 15 16 1.0
15 16 17 1.5
16 17 18 2.0
17 19 20 2.0
18 20 21 1.0
19 21 22 1.5
20 22 23 2.0
21 23 24 1.0
22 24 25 1.5
23 25 26 2.0
24 26 27 1.0
25 28 29 1.0
26 29 30 1.5
27 30 31 2.0
28 31 32 1.0
29 32 33 1.5
30 33 34 2.0
31 34 35 1.0
32 35 36 1.5
33 37 38 1.5
34 38 39 2.0
35 39 40 1.0
36 40 41 1.5
37 41 42 2.0
38 42 43 1.0
39 43 44 1.5
40 44 45 2.0
41 46 47 2.0
42 47 48 1.0
43 48 49 1.5
44 49 50 2.0
45 50 51 1.0
46 51 52 1.5
47 52 53 2.0
48 53 54 1.0
49 55 56 1.0
50 56 57 1.5
51 57 58 2.0
52 58 59 1.0
53 59 60 1.5
54 60 61 2.0
55 61 62 1.0
56 62 63 1.5
57 64 65 1.5
58 65 66 2.0
59 66 67 1.0
60 67 68 1.5
61 68 69 2.0
62 69 70 1.0
63 70 71 1.5
64 71 72 2.0
65 73 74 2.0
66 74 75 1.0
67 75 76 1.5
68 76 77 2.0
69 77 78 1.0
70 78 79 1.5
71 79 80 2.0
72 80 81 1.0
73 1 10 1.0
74 2 11 1.5
75 3 12 2.0
76 4 13 1.0
77 5 14 1.5
78 6 15 2.0
79 7 16 1.0
80 8 17 1.5
81 9 18 2.0
82 10 19 1.5
83 11 20 2.0
84 12 21 1.0
85 13 22 1.5
86 14 23 2.0
87 15 24 1.0
88 16 25 1.5
89 17 26 2.0
90 18 27 1.0
91 19 28 2.0
92 20 29 1.0
93 21 30 1.5
94 22 31 2.0
95 23 32 1.0
96 24 33 1.5
97 25 34 2.0
98 26 35 1.0
99 27 36 1.5
100 28 37 1.0
101 29 38 1.5
102 30 39 2.0
103 31 40 1.0
104 32 41 1.5
105 33 42 2.0
106 34 43 1.0
107 35 44 1.5
108 36 45 2.0
109 37 46 1.5
110 38 47 2.0
111 39 48 1.0
112 40 49 1.5
113 41 50 2.0
114 42 51 1.0
115 43 52 1.5
116 44 53 2.0
117 45 54 1.0
118 46 55 2.0
119 47 56 1.0
120 48 57 1.5
121 49 58 2.0
122 50 59 1.0
123 51 60 1.5
124 52 61 2.0
125 53 62 1.0
126 54 63 1.5
127 55 64 1.0
128 56 65 1.5
129 57 66 2.0
130 58 67 1.0
131 59 68 1.5
132 60 69 2.0
133 61 70 1.0
134 62 71 1.5
135 63 72 2.0
136 64 73 1.5
137 65 74 2.0
138 66 75 1.0
139 67 76 1.5
140 68 77 2.0
141 69 78 1.0
142 70 79 1.5
143 71 80 2.0
144 72 81 1.0
0 1
1 2
2 3
3 4
4 5
5 6
6 7
7 8
8 9
9 10
10 11
11 12
12 13
13 14
14 15
15 16
16 17
17 18
18 19
19 20
20 21
21 22
22 23
23 24
24 25
25 26
26 27
27 28
28 29
29 30
30 31
31 32
32 33
33 34
34 35
35 36
36 37
37 38
38 39
39 40
40 41
41 42
42 43
43 44
44 45
45 46
46 47
47 48
48 49
49 50
50 51
51 52
52 53
53 54
54 55
55 56
56 57
57 58
58 59
59 60
1 1 1.0
2 2 1.0
3 3 1.0
4 4 1.0
5 5 1.0
6 6 1.0
7 7 1.0
8 8 1.0
9 9 1.0
10 10 1.0
11 11 1.0
12 12 1.0
13 13 1.0
14 14 1.0
15 15 1.0
16 16 1.0
17 17 1.0
18 18 1.0
19 19 1.0
20 20 1.0
21 21 1.0
22 22 1.0
23 23 1.0
24 24 1.0
25 25 1.0
26 26 1.0
27 27 1.0
28 28 1.0
29 29 1.0
30 30 1.0
