10 20 10 30 49
5 4 0 28 1 14 2 23 3 19 8 8 16 9 14 10 19 11 11 12 21 13 28 14 23 15 17 8 4 21 5 21 6 17 7 19 8 28 9 28 10 21 11 20 12 4 22 5 18 6 14 7 28 8 24 9 26 10 14 11 22 12 19 13 10 14 15 15 19 4 16 27 17 22 18 29 19 25
5 4 0 26 1 10 2 30 3 23 4 4 21 5 15 6 24 7 30 12 4 19 5 12 6 17 7 10 8 30 9 11 10 20 11 11 12 19 13 22 14 26 15 16 8 8 28 9 20 10 15 11 17 12 11 13 26 14 25 15 11 4 16 22 17 22 18 16 19 18
5 4 0 22 1 12 2 20 3 26 8 4 15 5 29 6 12 7 10 12 12 13 12 14 15 15 19 4 4 26 5 24 6 17 7 23 12 4 15 5 30 6 13 7 17 8 24 9 16 10 22 11 11 12 30 13 11 14 19 15 30 4 16 21 17 12 18 22 19 13
5 4 0 21 1 10 2 26 3 28 12 4 12 5 28 6 27 7 24 8 27 9 28 10 29 11 23 12 28 13 12 14 12 15 16 12 4 15 5 12 6 23 7 21 8 25 9 23 10 21 11 25 12 21 13 22 14 25 15 11 8 4 15 5 26 6 16 7 29 12 11 13 14 14 19 15 30 4 16 18 17 21 18 26 19 30
5 4 0 11 1 27 2 13 3 27 4 4 27 5 24 6 18 7 20 8 4 26 5 25 6 11 7 12 12 26 13 25 14 22 15 15 8 8 10 9 23 10 29 11 30 12 27 13 15 14 12 15 20 4 16 13 17 14 18 23 19 14
5 4 0 17 1 29 2 30 3 16 8 8 29 9 29 10 18 11 11 12 23 13 22 14 17 15 26 4 12 30 13 24 14 19 15 27 4 4 21 5 23 6 24 7 14 4 16 16 17 16 18 18 19 29
5 4 0 26 1 22 2 21 3 16 8 8 12 9 22 10 16 11 17 12 17 13 30 14 24 15 24 12 4 21 5 17 6 19 7 11 8 20 9 26 10 30 11 28 12 20 13 14 14 13 15 19 12 4 30 5 27 6 16 7 11 8 20 9 25 10 13 11 12 12 20 13 16 14 10 15 12 4 16 16 17 16 18 30 19 10
5 4 0 24 1 16 2 25 3 26 12 4 13 5 16 6 15 7 23 8 17 9 25 10 16 11 24 12 27 13 27 14 28 15 14 4 8 27 9 21 10 15 11 25 12 4 10 5 20 6 18 7 29 8 18 9 24 10 21 11 28 12 10 13 20 14 22 15 12 4 16 20 17 14 18 22 19 24
5 4 0 27 1 26 2 26 3 25 8 4 13 5 10 6 17 7 20 12 30 13 28 14 21 15 19 8 4 22 5 12 6 26 7 18 8 24 9 22 10 11 11 27 12 4 29 5 16 6 11 7 22 8 10 9 23 10 29 11 28 12 15 13 16 14 14 15 26 4 16 12 17 20 18 16 19 26
5 4 0 20 1 27 2 21 3 28 4 4 24 5 14 6 30 7 21 4 4 16 5 19 6 12 7 16 12 4 23 5 17 6 23 7 21 8 24 9 11 10 20 11 17 12 23 13 24 14 21 15 30 4 16 15 17 26 18 16 19 12
1 0 0
2 4 0
3 8 0
4 12 0
5 16 0
6 20 0
7 0 5
8 4 5
9 8 5
10 12 5
11 16 5
12 20 5
13 0 10
14 4 10
15 8 10
16 12 10
17 16 10
18 20 10
19 0 15
20 4 15
21 8 15
22 12 15
23 16 15
24 20 15
25 0 20
26 4 20
27 8 20
28 12 20
29 16 20
30 20 20
1 1 2 1.0
2 2 3 1.5
3 3 4 2.0
4 4 5 1.0
5 5 6 1.5
6 7 8 1.5
7 8 9 2.0
8 9 10 1.0
9 10 11 1.5
10 11 12 2.0
11 13 14 2.0
12 14 15 1.0
13 15 16 1.5
14 16 17 2.0
15 17 18 1.0
16 19 20 1.0
17 20 21 1.5
18 21 22 2.0
19 22 23 1.0
20 23 24 1.5
21 25 26 1.5
22 26 27 2.0
23 27 28 1.0
24 28 29 1.5
25 29 30 2.0
26 1 7 1.0
27 2 8 1.5
28 3 9 2.0
29 4 10 1.0
30 5 11 1.5
31 6 12 2.0
32 7 13 1.5
33 8 14 2.0
34 9 15 1.0
35 10 16 1.5
36 11 17 2.0
37 12 18 1.0
38 13 19 2.0
39 14 20 1.0
40 15 21 1.5
41 16 22 2.0
42 17 23 1.0
43 18 24 1.5
44 19 25 1.0
45 20 26 1.5
46 21 27 2.0
47 22 28 1.0
48 23 29 1.5
49 24 30 2.0
1 1
2 2
3 3
4 4
5 5
6 6
7 7
8 8
9 9
10 10
11 11
12 12
13 13
14 14
15 15
16 16
17 17
18 18
19 19
20 20
1 1 1.0
2 2 1.0
3 3 1.0
4 4 1.0
5 5 1.0
6 6 1.0
7 7 1.0
8 8 1.0
9 9 1.0
10 10 1.0
