14 4 2 12 17
4 2 0 456 3 456 3 1 856 2 856 3 856 3 0 963 2 963 3 963 1 3 696
4 3 0 789 1 789 2 789 3 1 930 2 930 3 930 3 1 21 2 21 3 21 3 0 320 1 320 3 320
4 2 0 630 1 630 1 1 214 2 2 475 3 475 1 3 142
4 2 0 214 1 214 3 0 257 1 257 2 257 1 2 320 2 2 753 3 753
4 1 0 573 3 0 896 1 896 3 896 1 2 124 3 1 214 2 214 3 214
4 1 0 218 3 1 532 2 532 3 532 3 0 752 2 752 3 752 2 2 528 3 528
4 2 0 653 1 653 1 1 142 3 0 147 1 147 2 147 1 3 653
4 3 0 214 2 214 3 214 2 0 547 1 547 3 0 532 1 532 2 532 2 1 214 3 214
4 2 0 204 2 204 1 1 865 2 0 145 2 145 1 3 527
4 2 0 785 2 785 3 1 321 2 321 3 321 2 1 763 2 763 1 3 536
4 1 0 696 2 1 124 3 124 1 2 214 2 0 214 3 214
4 3 0 532 2 532 3 532 3 0 12 1 12 2 12 2 1 257 2 257 2 2 528 3 528
4 2 0 12 1 12 2 1 345 3 345 2 2 854 3 854 3 0 888 1 888 3 888
4 3 0 457 1 457 3 457 2 1 678 2 678 1 2 123 3 0 999 2 999 3 999
1 0 0
2 6 0
3 12 0
4 18 0
5 0 10
6 6 10
7 12 10
8 18 10
9 0 20
10 6 20
11 12 20
12 18 20
1 1 2 1.0
2 2 3 1.5
3 3 4 2.0
4 5 6 1.5
5 6 7 2.0
6 7 8 1.0
7 9 10 2.0
8 10 11 1.0
9 11 12 1.5
10 1 5 1.0
11 2 6 1.5
12 3 7 2.0
13 4 8 1.0
14 5 9 1.5
15 6 10 2.0
16 7 11 1.0
17 8 12 1.5
0 1
1 4
2 7
3 10
1 1 1.0
2 2 1.0
