10 6 3 12 17
6 3 0 333 3 333 5 333 4 0 991 1 991 2 991 5 991 3 2 996 4 996 5 996 4 0 123 3 123 4 123 5 123 5 1 145 2 145 3 145 4 145 5 145 3 1 234 3 234 5 234
6 2 0 333 1 333 1 1 111 5 0 663 1 663 2 663 4 663 5 663 3 0 456 3 456 4 456 2 2 785 4 785 2 2 532 5 532
6 3 0 252 2 252 5 252 3 0 222 1 222 2 222 3 2 222 3 222 4 222 4 0 789 1 789 3 789 4 789 2 1 214 4 214 4 2 586 3 586 4 586 5 586
6 2 0 222 4 222 3 0 204 1 204 2 204 4 0 114 1 114 2 114 5 114 3 1 876 3 876 4 876 1 4 752 1 5 532
6 2 0 255 2 255 3 0 477 1 477 3 477 1 2 123 2 3 543 5 543 1 4 143 2 4 142 5 142
6 3 0 555 2 555 5 555 2 1 566 4 566 3 1 456 2 456 5 456 4 1 210 3 210 4 210 5 210 4 0 698 1 698 4 698 5 698 4 1 573 3 573 4 573 5 573
6 2 0 558 4 558 4 0 899 1 899 2 899 5 899 3 0 789 2 789 3 789 3 2 124 3 124 5 124 4 2 532 3 532 4 532 5 532 2 3 12 5 12
6 4 0 888 1 888 4 888 5 888 3 0 965 1 965 5 965 3 1 876 2 876 3 876 3 0 537 1 537 3 537 2 3 145 4 145 3 2 14 3 14 5 14
6 2 0 889 5 889 2 0 588 1 588 1 2 543 3 2 854 3 854 5 854 2 1 247 4 247 4 0 527 1 527 4 527 5 527
6 3 0 999 3 999 4 999 3 1 889 3 889 5 889 4 1 210 2 210 4 210 5 210 4 0 632 1 632 3 632 4 632 2 4 451 5 451 3 2 856 4 856 5 856
1 0 0
2 6 0
3 12 0
4 18 0
5 0 10
6 6 10
7 12 10
8 18 10
9 0 20
10 6 20
11 12 20
12 18 20
1 1 2 1.0
2 2 3 1.5
3 3 4 2.0
4 5 6 1.5
5 6 7 2.0
6 7 8 1.0
7 9 10 2.0
8 10 11 1.0
9 11 12 1.5
10 1 5 1.0
11 2 6 1.5
12 3 7 2.0
13 4 8 1.0
14 5 9 1.5
15 6 10 2.0
16 7 11 1.0
17 8 12 1.5
0 1
1 3
2 5
3 7
4 9
5 11
1 1 1.0
2 2 1.0
3 3 1.0
