8 9 4 20 31
9 2 0 887 8 887 5 0 447 1 447 4 447 6 447 7 447 7 0 234 1 234 2 234 5 234 6 234 7 234 8 234 6 0 159 2 159 3 159 4 159 5 159 8 159 5 2 201 4 201 5 201 6 201 8 201 2 0 555 5 555 3 4 463 6 463 7 463 4 1 456 5 456 6 456 7 456 4 0 753 5 753 6 753 8 753
9 7 0 799 1 799 3 799 4 799 5 799 7 799 8 799 2 1 779 2 779 2 0 567 2 567 4 1 267 2 267 3 267 6 267 5 2 478 4 478 5 478 6 478 7 478 7 1 444 2 444 3 444 5 444 6 444 7 444 8 444 6 0 123 1 123 2 123 5 123 6 123 8 123 5 1 789 2 789 5 789 6 789 7 789 3 3 21 5 21 8 21
9 5 0 999 2 999 5 999 6 999 8 999 4 1 999 2 999 5 999 8 999 5 0 852 1 852 2 852 5 852 7 852 1 3 483 5 0 520 2 520 4 520 5 520 8 520 4 0 120 2 120 5 120 8 120 5 0 456 1 456 2 456 6 456 7 456 5 0 630 1 630 2 630 4 630 7 630 4 0 427 4 427 5 427 8 427
9 6 0 666 3 666 4 666 5 666 6 666 7 666 4 0 666 1 666 2 666 5 666 1 2 140 4 1 753 3 753 4 753 6 753 5 0 145 3 145 4 145 7 145 8 145 4 1 142 5 142 6 142 8 142 4 1 789 4 789 5 789 6 789 5 2 258 4 258 5 258 7 258 8 258 6 0 520 1 520 2 520 3 520 6 520 8 520
9 3 0 663 6 663 8 663 4 0 25 1 25 3 25 5 25 6 1 222 2 222 3 222 4 222 5 222 8 222 5 0 420 1 420 3 420 6 420 8 420 3 0 699 4 699 6 699 4 1 578 2 578 5 578 7 578 2 0 876 6 876 5 0 741 3 741 4 741 6 741 7 741 6 0 142 1 142 2 142 3 142 4 142 8 142
9 7 0 333 1 333 3 333 5 333 6 333 7 333 8 333 1 1 558 2 0 558 2 558 3 3 159 6 159 7 159 4 0 875 4 875 5 875 6 875 6 1 965 4 965 5 965 6 965 7 965 8 965 5 0 543 2 543 3 543 6 543 7 543 3 5 36 6 36 7 36 2 7 534 8 534
9 2 0 222 2 222 5 0 886 1 886 2 886 7 886 8 886 5 0 965 2 965 3 965 4 965 7 965 2 3 25 4 25 4 1 633 4 633 7 633 8 633 4 0 412 1 412 4 412 5 412 3 3 210 4 210 6 210 5 3 985 4 985 6 985 7 985 8 985 2 4 157 8 157
9 3 0 114 3 114 7 114 4 1 541 4 541 5 541 6 541 3 1 412 2 412 3 412 5 0 863 1 863 3 863 6 863 8 863 3 4 222 7 222 8 222 7 1 25 2 25 4 25 5 25 6 25 7 25 8 25 3 3 123 4 123 6 123 4 0 214 1 214 5 214 7 214 3 5 896 6 896 8 896
1 0 0
2 5 0
3 10 0
4 15 0
5 20 0
6 0 6
7 5 6
8 10 6
9 15 6
10 20 6
11 0 12
12 5 12
13 10 12
14 15 12
15 20 12
16 0 18
17 5 18
18 10 18
19 15 18
20 20 18
1 1 2 1.0
2 2 3 1.5
3 3 4 2.0
4 4 5 1.0
5 6 7 1.5
6 7 8 2.0
7 8 9 1.0
8 9 10 1.5
9 11 12 2.0
10 12 13 1.0
11 13 14 1.5
12 14 15 2.0
13 16 17 1.0
14 17 18 1.5
15 18 19 2.0
16 19 20 1.0
17 1 6 1.0
18 2 7 1.5
19 3 8 2.0
20 4 9 1.0
21 5 10 1.5
22 6 11 1.5
23 7 12 2.0
24 8 13 1.0
25 9 14 1.5
26 10 15 2.0
27 11 16 2.0
28 12 17 1.0
29 13 18 1.5
30 14 19 2.0
31 15 20 1.0
0 1
1 3
2 5
3 7
4 9
5 11
6 13
7 15
8 17
1 1 1.0
2 2 1.0
3 3 1.0
4 4 1.0
