10 5 2 12 17
5 2 1 21 3 21 2 0 53 3 53 2 1 95 4 95 2 0 55 3 55 2 0 34 2 34
5 4 0 21 2 21 3 21 4 21 3 2 52 3 52 4 52 4 1 16 2 16 3 16 4 16 4 0 26 1 26 2 26 4 26 4 0 71 1 71 3 71 4 71
5 1 3 39 1 4 98 4 0 42 1 42 2 42 3 42 3 0 31 1 31 2 31 3 0 12 1 12 4 12
5 3 1 77 2 77 4 77 4 0 55 1 55 3 55 4 55 3 2 79 3 79 4 79 3 0 66 1 66 2 66 1 3 77
5 4 0 83 1 83 3 83 4 83 3 0 34 1 34 3 34 2 2 64 4 64 3 1 19 2 19 4 19 5 0 37 1 37 2 37 3 37 4 37
5 3 0 54 1 54 3 54 1 2 43 3 0 79 2 79 4 79 3 0 92 2 92 3 92 3 0 62 2 62 3 62
5 4 0 69 2 69 3 69 4 69 3 0 77 2 77 4 77 3 1 87 2 87 4 87 3 0 87 1 87 2 87 3 0 93 3 93 4 93
5 4 0 38 1 38 2 38 4 38 1 0 60 5 0 41 1 41 2 41 3 41 4 41 4 0 24 1 24 3 24 4 24 3 0 83 1 83 4 83
5 3 1 17 3 17 4 17 4 0 49 1 49 3 49 4 49 1 4 25 3 0 44 1 44 2 44 2 2 98 3 98
5 4 0 77 2 77 3 77 4 77 2 3 79 4 79 1 2 43 2 1 75 2 75 2 0 96 1 96
1 0 0
2 6 0
3 12 0
4 18 0
5 0 10
6 6 10
7 12 10
8 18 10
9 0 20
10 6 20
11 12 20
12 18 20
1 1 2 1.0
2 2 3 1.5
3 3 4 2.0
4 5 6 1.5
5 6 7 2.0
6 7 8 1.0
7 9 10 2.0
8 10 11 1.0
9 11 12 1.5
10 1 5 1.0
11 2 6 1.5
12 3 7 2.0
13 4 8 1.0
14 5 9 1.5
15 6 10 2.0
16 7 11 1.0
17 8 12 1.5
0 1
1 3
2 5
3 7
4 9
1 1 1.0
2 2 1.0
