10 5 2 12 17
5 5 0 72 1 72 2 72 3 72 4 72 1 0 87 2 1 95 4 95 4 0 66 1 66 2 66 4 66 3 0 60 3 60 4 60
5 3 0 5 3 5 4 5 3 0 35 1 35 3 35 3 0 48 1 48 4 48 2 2 39 3 39 4 0 54 1 54 3 54 4 54
5 4 0 46 1 46 2 46 3 46 2 1 20 3 20 2 0 21 2 21 4 0 97 2 97 3 97 4 97 2 3 55 4 55
5 4 0 59 2 59 3 59 4 59 1 3 19 2 3 46 4 46 2 1 34 4 34 1 2 37
5 1 4 23 4 1 73 2 73 3 73 4 73 1 3 25 2 1 24 4 24 2 0 28 4 28
5 1 3 28 2 0 45 4 45 1 4 5 1 1 78 3 1 83 2 83 4 83
5 2 0 53 4 53 2 0 71 3 71 2 0 37 1 37 3 0 29 2 29 4 29 1 2 12
5 1 4 12 4 0 87 1 87 2 87 3 87 4 0 33 1 33 3 33 4 33 4 0 55 1 55 3 55 4 55 2 0 38 3 38
5 4 0 49 2 49 3 49 4 49 3 1 83 3 83 4 83 2 1 40 2 40 1 0 48 1 4 7
5 1 2 65 3 0 17 1 17 3 17 2 0 90 2 90 3 0 27 2 27 4 27 2 1 23 3 23
1 0 0
2 6 0
3 12 0
4 18 0
5 0 10
6 6 10
7 12 10
8 18 10
9 0 20
10 6 20
11 12 20
12 18 20
1 1 2 1.0
2 2 3 1.5
3 3 4 2.0
4 5 6 1.5
5 6 7 2.0
6 7 8 1.0
7 9 10 2.0
8 10 11 1.0
9 11 12 1.5
10 1 5 1.0
11 2 6 1.5
12 3 7 2.0
13 4 8 1.0
14 5 9 1.5
15 6 10 2.0
16 7 11 1.0
17 8 12 1.5
0 1
1 3
2 5
3 7
4 9
1 1 1.0
2 2 1.0
