15 5 2 12 17
5 5 0 21 1 21 2 21 3 21 4 21 1 2 34 2 1 95 4 95 3 0 53 1 53 4 53 3 0 55 3 55 4 55
5 3 0 52 3 52 4 52 3 0 16 1 16 4 16 2 1 71 4 71 2 2 26 3 26 4 0 21 1 21 3 21 4 21
5 3 0 31 2 31 3 31 2 0 12 1 12 3 0 42 1 42 2 42 3 2 39 3 39 4 39 2 3 98 4 98
5 4 0 77 2 77 3 77 4 77 2 1 77 3 77 2 3 79 4 79 3 0 55 1 55 4 55 1 2 66
5 1 4 37 3 1 34 3 34 4 34 2 2 64 3 64 2 1 19 4 19 2 0 83 4 83
5 1 2 43 2 1 54 4 54 1 0 92 2 1 62 3 62 2 1 79 4 79
5 2 0 93 4 93 2 0 69 3 69 2 0 87 1 87 3 0 77 2 77 4 77 1 2 87
5 2 0 60 4 60 3 0 41 1 41 3 41 4 0 38 1 38 2 38 4 38 3 0 83 3 83 4 83 1 3 24
5 4 0 98 2 98 3 98 4 98 3 1 17 3 17 4 17 3 1 25 2 25 4 25 1 0 44 2 1 49 4 49
5 1 0 96 3 0 77 1 77 4 77 2 2 79 3 79 3 0 75 1 75 2 75 2 2 43 3 43
5 3 0 28 3 28 4 28 1 2 35 2 0 95 1 95 2 3 76 4 76 1 1 7
5 2 0 61 2 61 4 0 10 1 10 2 10 4 10 3 0 95 1 95 2 95 1 1 9 3 1 35 3 35 4 35
5 5 0 59 1 59 2 59 3 59 4 59 2 0 16 3 16 4 1 91 2 91 3 91 4 91 2 1 59 2 59 4 0 46 1 46 3 46 4 46
5 2 1 43 4 43 4 1 52 2 52 3 52 4 52 2 0 28 4 28 2 0 27 2 27 2 0 50 3 50
5 4 0 87 2 87 3 87 4 87 2 0 45 1 45 2 2 39 4 39 2 1 9 4 9 3 0 41 1 41 3 41
1 0 0
2 6 0
3 12 0
4 18 0
5 0 10
6 6 10
7 12 10
8 18 10
9 0 20
10 6 20
11 12 20
12 18 20
1 1 2 1.0
2 2 3 1.5
3 3 4 2.0
4 5 6 1.5
5 6 7 2.0
6 7 8 1.0
7 9 10 2.0
8 10 11 1.0
9 11 12 1.5
10 1 5 1.0
11 2 6 1.5
12 3 7 2.0
13 4 8 1.0
14 5 9 1.5
15 6 10 2.0
16 7 11 1.0
17 8 12 1.5
0 1
1 3
2 5
3 7
4 9
1 1 1.0
2 2 1.0
