6 6 3 12 17
6 1 2 1 3 0 3 3 3 4 3 2 1 6 4 6 4 0 7 1 7 3 7 4 7 2 1 3 5 3 2 4 6 5 6
6 3 1 8 3 8 5 8 3 1 5 2 5 5 5 4 0 10 1 10 3 10 4 10 3 3 10 4 10 5 10 4 0 10 3 10 4 10 5 10 3 2 4 3 4 4 4
6 3 2 5 4 5 5 5 4 0 4 2 4 3 4 5 4 2 0 8 5 8 2 0 9 3 9 3 0 1 1 1 4 1 3 1 7 2 7 4 7
6 3 1 5 3 5 5 5 4 0 5 1 5 3 5 4 5 5 0 5 1 5 2 5 3 5 5 5 3 1 3 3 3 5 3 2 3 8 4 8 1 5 9
6 3 1 9 2 9 3 9 4 0 3 1 3 2 3 4 3 3 1 5 2 5 4 5 4 0 4 1 4 4 4 5 4 4 0 3 1 3 4 3 5 3 4 0 1 2 1 3 1 4 1
6 3 0 3 1 3 3 3 1 3 3 2 3 9 5 9 2 0 10 1 10 1 4 4 3 1 1 2 1 5 1
1 0 0
2 6 0
3 12 0
4 18 0
5 0 10
6 6 10
7 12 10
8 18 10
9 0 20
10 6 20
11 12 20
12 18 20
1 1 2 1.0
2 2 3 1.5
3 3 4 2.0
4 5 6 1.5
5 6 7 2.0
6 7 8 1.0
7 9 10 2.0
8 10 11 1.0
9 11 12 1.5
10 1 5 1.0
11 2 6 1.5
12 3 7 2.0
13 4 8 1.0
14 5 9 1.5
15 6 10 2.0
16 7 11 1.0
17 8 12 1.5
0 1
1 3
2 5
3 7
4 9
5 11
1 1 1.0
2 2 1.0
3 3 1.0
