20 5 2 12 17
5 4 0 29 2 29 3 29 4 29 3 0 9 1 9 2 9 4 1 49 2 49 3 49 4 49 3 0 62 2 62 3 62 3 1 44 2 44 4 44
5 4 0 43 1 43 3 43 4 43 3 0 75 1 75 3 75 2 1 69 3 69 3 1 46 2 46 3 46 2 1 72 4 72
5 4 0 91 1 91 2 91 4 91 2 0 39 4 39 3 0 90 2 90 4 90 1 4 12 3 1 45 2 45 3 45
5 3 0 81 1 81 2 81 2 0 71 3 71 3 0 9 2 9 4 9 2 0 85 2 85 4 0 22 2 22 3 22 4 22
5 2 0 14 2 14 5 0 22 1 22 2 22 3 22 4 22 4 0 26 1 26 2 26 4 26 1 3 21 3 1 72 2 72 4 72
5 1 2 84 3 0 52 1 52 3 52 2 0 48 4 48 3 0 47 2 47 4 47 1 3 6
5 4 0 46 1 46 2 46 4 46 4 0 61 1 61 3 61 4 61 2 2 32 3 32 3 0 32 3 32 4 32 1 4 30
5 3 0 31 1 31 2 31 3 0 46 1 46 3 46 1 0 32 2 1 19 3 19 3 1 36 3 36 4 36
5 2 0 76 3 76 3 0 76 1 76 3 76 2 2 85 4 85 1 1 40 3 2 26 3 26 4 26
5 2 1 85 4 85 2 0 61 2 61 2 0 64 1 64 2 3 47 4 47 3 0 90 2 90 4 90
5 3 1 78 3 78 4 78 3 1 36 2 36 3 36 3 0 11 2 11 4 11 3 0 56 1 56 4 56 1 2 21
5 2 0 90 2 90 3 0 11 2 11 3 11 3 0 28 1 28 4 28 2 1 46 3 46 2 0 30 4 30
5 2 0 85 1 85 2 2 74 4 74 3 0 10 1 10 2 10 2 2 89 3 89 1 4 33
5 3 0 95 2 95 3 95 3 0 99 2 99 4 99 3 1 52 3 52 4 52 3 2 98 3 98 4 98 3 2 43 3 43 4 43
5 3 0 6 1 6 2 6 2 1 61 4 61 3 2 69 3 69 4 69 2 2 49 3 49 1 3 53
5 3 1 2 2 2 3 2 4 0 95 1 95 3 95 4 95 3 2 72 3 72 4 72 4 1 65 2 65 3 65 4 65 2 2 25 3 25
5 3 0 37 1 37 4 37 3 1 13 2 13 3 13 3 0 21 1 21 2 21 2 0 89 3 89 4 0 55 2 55 3 55 4 55
5 3 0 86 3 86 4 86 1 1 74 2 2 88 4 88 2 2 48 3 48 4 1 79 2 79 3 79 4 79
5 2 0 69 1 69 4 0 51 2 51 3 51 4 51 3 0 11 1 11 4 11 2 0 89 3 89 3 1 74 3 74 4 74
5 2 0 13 4 13 1 1 7 3 0 76 2 76 4 76 4 1 52 2 52 3 52 4 52 3 1 45 2 45 4 45
1 0 0
2 6 0
3 12 0
4 18 0
5 0 10
6 6 10
7 12 10
8 18 10
9 0 20
10 6 20
11 12 20
12 18 20
1 1 2 1.0
2 2 3 1.5
3 3 4 2.0
4 5 6 1.5
5 6 7 2.0
6 7 8 1.0
7 9 10 2.0
8 10 11 1.0
9 11 12 1.5
10 1 5 1.0
11 2 6 1.5
12 3 7 2.0
13 4 8 1.0
14 5 9 1.5
15 6 10 2.0
16 7 11 1.0
17 8 12 1.5
0 1
1 3
2 5
3 7
4 9
1 1 1.0
2 2 1.0
