10 10 5 20 31
10 1 4 88 1 8 68 1 6 94 1 5 99 2 1 67 7 67 1 2 89 1 9 77 1 7 99 1 0 86 1 3 92
10 1 5 72 1 3 50 2 6 69 5 69 1 4 75 1 2 94 1 8 66 2 0 92 5 92 1 1 82 1 7 94 1 9 63
10 1 9 83 2 8 61 9 61 1 0 83 1 1 65 1 6 64 1 5 85 1 7 78 1 4 85 2 2 55 3 55 1 3 77
10 1 7 94 2 2 68 9 68 1 1 61 1 4 99 1 3 54 1 6 75 1 5 66 1 0 76 1 9 63 1 8 67
10 1 3 69 2 4 88 2 88 1 9 82 1 8 95 2 0 99 4 99 1 2 67 1 6 95 1 5 68 2 7 67 8 67 1 1 86
10 2 1 99 7 99 1 4 81 1 5 64 1 6 66 1 8 80 1 2 80 1 7 69 1 9 62 1 3 79 1 0 88
10 1 7 50 1 1 86 1 4 97 1 3 96 1 0 95 1 8 97 1 2 66 1 5 99 1 6 52 1 9 71
10 1 4 98 2 6 73 2 73 1 3 82 1 2 51 1 1 71 1 5 94 1 7 85 1 0 62 1 8 95 1 9 79
10 1 0 94 2 6 71 4 71 1 3 81 1 7 85 1 1 66 1 2 90 1 4 76 1 5 58 1 8 93 1 9 97
10 1 3 50 1 0 59 2 1 82 4 82 1 8 67 1 7 56 1 9 96 1 6 58 1 4 81 1 5 59 1 2 96
1 0 0
2 5 0
3 10 0
4 15 0
5 20 0
6 0 6
7 5 6
8 10 6
9 15 6
10 20 6
11 0 12
12 5 12
13 10 12
14 15 12
15 20 12
16 0 18
17 5 18
18 10 18
19 15 18
20 20 18
1 1 2 1.0
2 2 3 1.5
3 3 4 2.0
4 4 5 1.0
5 6 7 1.5
6 7 8 2.0
7 8 9 1.0
8 9 10 1.5
9 11 12 2.0
10 12 13 1.0
11 13 14 1.5
12 14 15 2.0
13 16 17 1.0
14 17 18 1.5
15 18 19 2.0
16 19 20 1.0
17 1 6 1.0
18 2 7 1.5
19 3 8 2.0
20 4 9 1.0
21 5 10 1.5
22 6 11 1.5
23 7 12 2.0
24 8 13 1.0
25 9 14 1.5
26 10 15 2.0
27 11 16 2.0
28 12 17 1.0
29 13 18 1.5
30 14 19 2.0
31 15 20 1.0
0 1
1 3
2 5
3 7
4 9
5 11
6 13
7 15
8 17
9 19
1 1 1.0
2 2 1.0
3 3 1.0
4 4 1.0
5 5 1.0
