10 10 5 20 31
10 1 7 62 1 8 24 1 5 25 1 3 84 2 4 47 7 47 1 6 38 1 2 82 1 0 93 1 9 24 1 1 66
10 1 5 47 1 2 97 2 8 92 5 92 1 9 22 1 1 93 1 4 29 2 7 56 5 56 1 3 80 1 0 78 1 6 67
10 1 1 45 2 7 46 9 46 1 6 22 1 2 26 1 9 38 1 0 69 1 4 40 1 3 33 2 8 75 3 75 1 5 96
10 1 4 85 2 8 76 2 76 1 5 68 1 9 88 1 3 36 1 6 75 1 2 56 1 1 35 1 0 77 1 7 85
10 1 8 60 1 9 20 2 7 25 0 25 1 3 63 1 4 81 2 0 52 2 52 1 1 30 1 5 98 2 6 54 5 54 2 2 86 7 86
10 2 3 87 7 87 1 9 73 1 5 51 1 2 95 1 4 65 1 1 86 1 6 22 1 8 58 1 0 80 1 7 65
10 1 5 81 1 2 53 1 7 57 1 6 71 1 9 81 1 0 43 1 4 26 1 8 54 1 3 58 1 1 69
10 1 4 20 2 6 86 2 86 1 5 21 1 8 79 1 9 62 1 2 34 1 0 27 1 1 81 1 7 30 1 3 46
10 1 9 68 2 6 66 4 66 1 5 98 1 8 86 1 7 66 1 0 56 1 3 82 1 1 95 1 4 47 1 2 78
10 1 0 30 1 3 50 2 7 34 4 34 1 2 58 1 1 77 1 5 34 1 8 84 1 4 40 1 9 46 1 6 44
1 0 0
2 5 0
3 10 0
4 15 0
5 20 0
6 0 6
7 5 6
8 10 6
9 15 6
10 20 6
11 0 12
12 5 12
13 10 12
14 15 12
15 20 12
16 0 18
17 5 18
18 10 18
19 15 18
20 20 18
1 1 2 1.0
2 2 3 1.5
3 3 4 2.0
4 4 5 1.0
5 6 7 1.5
6 7 8 2.0
7 8 9 1.0
8 9 10 1.5
9 11 12 2.0
10 12 13 1.0
11 13 14 1.5
12 14 15 2.0
13 16 17 1.0
14 17 18 1.5
15 18 19 2.0
16 19 20 1.0
17 1 6 1.0
18 2 7 1.5
19 3 8 2.0
20 4 9 1.0
21 5 10 1.5
22 6 11 1.5
23 7 12 2.0
24 8 13 1.0
25 9 14 1.5
26 10 15 2.0
27 11 16 2.0
28 12 17 1.0
29 13 18 1.5
30 14 19 2.0
31 15 20 1.0
0 1
1 3
2 5
3 7
4 9
5 11
6 13
7 15
8 17
9 19
1 1 1.0
2 2 1.0
3 3 1.0
4 4 1.0
5 5 1.0
