11 5 2 12 17
5 1 0 375 1 1 12 1 2 142 1 3 245 2 4 412 2 412
5 1 0 632 1 1 452 1 2 758 1 3 278 1 4 398
5 1 0 12 1 1 876 2 2 124 0 124 1 3 534 1 4 765
5 1 0 460 2 1 542 0 542 1 2 523 1 3 120 1 4 499
5 1 0 528 2 1 101 4 101 1 2 789 1 3 124 1 4 999
5 1 0 796 1 1 245 1 2 632 2 3 375 4 375 1 4 123
5 2 0 532 1 532 1 1 230 1 2 543 1 3 896 1 4 452
5 1 0 14 1 1 124 1 2 214 1 3 543 1 4 785
5 1 0 257 2 1 527 2 527 1 2 753 1 3 210 2 4 463 2 463
5 1 0 896 1 1 896 2 2 214 0 214 2 3 258 2 258 2 4 259 2 259
5 1 0 532 1 1 302 1 2 501 1 3 765 1 4 988
1 0 0
2 6 0
3 12 0
4 18 0
5 0 10
6 6 10
7 12 10
8 18 10
9 0 20
10 6 20
11 12 20
12 18 20
1 1 2 1.0
2 2 3 1.5
3 3 4 2.0
4 5 6 1.5
5 6 7 2.0
6 7 8 1.0
7 9 10 2.0
8 10 11 1.0
9 11 12 1.5
10 1 5 1.0
11 2 6 1.5
12 3 7 2.0
13 4 8 1.0
14 5 9 1.5
15 6 10 2.0
16 7 11 1.0
17 8 12 1.5
0 1
1 3
2 5
3 7
4 9
1 1 1.0
2 2 1.0
