13 4 2 12 17
4 1 0 654 1 1 147 1 2 345 1 3 447
4 2 0 321 3 321 1 1 520 1 2 789 1 3 702
4 1 0 12 1 1 147 1 2 630 1 3 255
4 2 0 345 3 345 1 1 586 1 2 214 1 3 866
4 2 0 678 1 678 1 1 532 1 2 275 1 3 332
4 1 0 963 2 1 145 3 145 1 2 302 1 3 225
4 1 0 25 1 1 24 1 2 142 1 3 589
4 2 0 874 3 874 1 1 517 1 2 24 2 3 996 0 996
4 1 0 114 1 1 896 1 2 520 1 3 541
4 1 0 785 1 1 543 1 2 336 1 3 234
4 1 0 203 1 1 210 2 2 699 0 699 1 3 784
4 1 0 696 2 1 784 2 784 1 2 855 1 3 512
4 2 0 302 3 302 2 1 512 0 512 2 2 221 0 221 1 3 345
1 0 0
2 6 0
3 12 0
4 18 0
5 0 10
6 6 10
7 12 10
8 18 10
9 0 20
10 6 20
11 12 20
12 18 20
1 1 2 1.0
2 2 3 1.5
3 3 4 2.0
4 5 6 1.5
5 6 7 2.0
6 7 8 1.0
7 9 10 2.0
8 10 11 1.0
9 11 12 1.5
10 1 5 1.0
11 2 6 1.5
12 3 7 2.0
13 4 8 1.0
14 5 9 1.5
15 6 10 2.0
16 7 11 1.0
17 8 12 1.5
0 1
1 4
2 7
3 10
1 1 1.0
2 2 1.0
