12 5 2 12 17
5 1 0 456 1 1 537 1 2 123 1 3 214 2 4 234 2 234
5 1 0 789 1 1 854 1 2 225 1 3 528 1 4 123
5 1 0 876 1 1 632 2 2 588 0 588 1 3 896 1 4 456
5 1 0 543 2 1 145 0 145 1 2 669 1 3 325 1 4 789
5 1 0 210 2 1 785 4 785 1 2 966 1 3 147 1 4 876
5 1 0 123 1 1 214 1 2 332 2 3 856 4 856 1 4 543
5 2 0 456 1 456 1 1 752 1 2 144 1 3 321 1 4 210
5 1 0 789 1 1 143 1 2 755 1 3 427 1 4 123
5 1 0 876 2 1 698 2 698 1 2 322 1 3 546 2 4 456 2 456
5 1 0 543 1 1 532 2 2 100 0 100 2 3 321 2 321 2 4 789 2 789
5 1 0 210 1 1 145 1 2 114 1 3 401 1 4 876
5 1 0 124 1 1 247 1 2 753 1 3 214 1 4 543
1 0 0
2 6 0
3 12 0
4 18 0
5 0 10
6 6 10
7 12 10
8 18 10
9 0 20
10 6 20
11 12 20
12 18 20
1 1 2 1.0
2 2 3 1.5
3 3 4 2.0
4 5 6 1.5
5 6 7 2.0
6 7 8 1.0
7 9 10 2.0
8 10 11 1.0
9 11 12 1.5
10 1 5 1.0
11 2 6 1.5
12 3 7 2.0
13 4 8 1.0
14 5 9 1.5
15 6 10 2.0
16 7 11 1.0
17 8 12 1.5
0 1
1 3
2 5
3 7
4 9
1 1 1.0
2 2 1.0
