14 4 2 12 17
4 1 0 456 1 1 856 1 2 963 1 3 696
4 2 0 789 3 789 1 1 930 1 2 21 1 3 320
4 1 0 630 1 1 214 1 2 475 1 3 142
4 2 0 214 3 214 1 1 257 1 2 320 1 3 753
4 2 0 573 1 573 1 1 896 1 2 124 1 3 214
4 1 0 218 2 1 532 3 532 1 2 752 1 3 528
4 1 0 653 1 1 142 1 2 147 1 3 653
4 2 0 214 3 214 1 1 547 1 2 532 2 3 214 0 214
4 1 0 204 1 1 865 1 2 145 1 3 527
4 1 0 785 1 1 321 1 2 763 1 3 536
4 1 0 696 1 1 124 2 2 214 0 214 1 3 214
4 1 0 532 2 1 12 2 12 1 2 257 1 3 528
4 2 0 12 3 12 2 1 345 0 345 2 2 854 0 854 1 3 888
4 1 0 457 1 1 678 1 2 123 1 3 999
1 0 0
2 6 0
3 12 0
4 18 0
5 0 10
6 6 10
7 12 10
8 18 10
9 0 20
10 6 20
11 12 20
12 18 20
1 1 2 1.0
2 2 3 1.5
3 3 4 2.0
4 5 6 1.5
5 6 7 2.0
6 7 8 1.0
7 9 10 2.0
8 10 11 1.0
9 11 12 1.5
10 1 5 1.0
11 2 6 1.5
12 3 7 2.0
13 4 8 1.0
14 5 9 1.5
15 6 10 2.0
16 7 11 1.0
17 8 12 1.5
0 1
1 4
2 7
3 10
1 1 1.0
2 2 1.0
