10 6 3 12 17
6 1 0 333 1 1 991 1 2 996 1 3 123 2 4 145 3 145 1 5 234
6 1 0 333 1 1 111 1 2 663 1 3 456 1 4 785 1 5 532
6 2 0 252 5 252 1 1 222 1 2 222 1 3 789 2 4 214 5 214 1 5 586
6 1 0 222 1 1 204 1 2 114 2 3 876 0 876 1 4 752 1 5 532
6 1 0 255 1 1 477 1 2 123 2 3 543 1 543 1 4 143 1 5 142
6 2 0 555 3 555 1 1 566 1 2 456 1 3 210 1 4 698 1 5 573
6 1 0 558 1 1 899 1 2 789 1 3 124 1 4 532 2 5 12 4 12
6 1 0 888 1 1 965 2 2 876 4 876 1 3 537 1 4 145 1 5 14
6 2 0 889 2 889 1 1 588 2 2 543 3 543 1 3 854 1 4 247 1 5 527
6 1 0 999 1 1 889 1 2 210 1 3 632 1 4 451 1 5 856
1 0 0
2 6 0
3 12 0
4 18 0
5 0 10
6 6 10
7 12 10
8 18 10
9 0 20
10 6 20
11 12 20
12 18 20
1 1 2 1.0
2 2 3 1.5
3 3 4 2.0
4 5 6 1.5
5 6 7 2.0
6 7 8 1.0
7 9 10 2.0
8 10 11 1.0
9 11 12 1.5
10 1 5 1.0
11 2 6 1.5
12 3 7 2.0
13 4 8 1.0
14 5 9 1.5
15 6 10 2.0
16 7 11 1.0
17 8 12 1.5
0 1
1 3
2 5
3 7
4 9
5 11
1 1 1.0
2 2 1.0
3 3 1.0
