8 9 4 20 31
9 1 0 887 1 1 447 1 2 234 1 3 159 2 4 201 3 201 1 5 555 1 6 463 1 7 456 1 8 753
9 1 0 799 1 1 779 1 2 567 2 3 267 8 267 1 4 478 1 5 444 1 6 123 2 7 789 8 789 1 8 21
9 1 0 999 1 1 999 1 2 852 2 3 483 0 483 1 4 520 1 5 120 1 6 456 1 7 630 1 8 427
9 1 0 666 2 1 666 6 666 1 2 140 1 3 753 2 4 145 5 145 1 5 142 1 6 789 1 7 258 1 8 520
9 1 0 663 1 1 25 1 2 222 1 3 420 1 4 699 1 5 578 2 6 876 7 876 1 7 741 1 8 142
9 2 0 333 8 333 1 1 558 1 2 558 2 3 159 6 159 2 4 875 1 875 2 5 965 6 965 1 6 543 1 7 36 1 8 534
9 1 0 222 1 1 886 1 2 965 1 3 25 1 4 633 1 5 412 1 6 210 1 7 985 1 8 157
9 1 0 114 1 1 541 1 2 412 1 3 863 1 4 222 1 5 25 1 6 123 2 7 214 8 214 1 8 896
1 0 0
2 5 0
3 10 0
4 15 0
5 20 0
6 0 6
7 5 6
8 10 6
9 15 6
10 20 6
11 0 12
12 5 12
13 10 12
14 15 12
15 20 12
16 0 18
17 5 18
18 10 18
19 15 18
20 20 18
1 1 2 1.0
2 2 3 1.5
3 3 4 2.0
4 4 5 1.0
5 6 7 1.5
6 7 8 2.0
7 8 9 1.0
8 9 10 1.5
9 11 12 2.0
10 12 13 1.0
11 13 14 1.5
12 14 15 2.0
13 16 17 1.0
14 17 18 1.5
15 18 19 2.0
16 19 20 1.0
17 1 6 1.0
18 2 7 1.5
19 3 8 2.0
20 4 9 1.0
21 5 10 1.5
22 6 11 1.5
23 7 12 2.0
24 8 13 1.0
25 9 14 1.5
26 10 15 2.0
27 11 16 2.0
28 12 17 1.0
29 13 18 1.5
30 14 19 2.0
31 15 20 1.0
0 1
1 3
2 5
3 7
4 9
5 11
6 13
7 15
8 17
1 1 1.0
2 2 1.0
3 3 1.0
4 4 1.0
