7 7 3 16 24
7 1 0 692 1 1 310 1 2 832 1 3 630 2 4 258 3 258 1 5 147 1 6 255
7 1 0 581 1 1 582 1 2 14 1 3 214 1 4 147 2 5 753 3 753 1 6 806
7 1 0 475 2 1 475 6 475 1 2 785 1 3 578 1 4 852 1 5 2 1 6 699
7 2 0 23 6 23 1 1 196 1 2 696 1 3 214 1 4 586 1 5 356 2 6 877 0 877
7 1 0 158 1 1 325 2 2 530 1 530 1 3 785 1 4 325 1 5 565 1 6 412
7 1 0 796 1 1 874 1 2 214 1 3 236 1 4 896 1 5 898 2 6 302 2 302
7 1 0 542 1 1 205 2 2 578 1 578 1 3 963 1 4 325 1 5 800 2 6 120 3 120
1 0 0
2 6 0
3 12 0
4 18 0
5 0 6
6 6 6
7 12 6
8 18 6
9 0 12
10 6 12
11 12 12
12 18 12
13 0 18
14 6 18
15 12 18
16 18 18
1 1 2 1.0
2 2 3 1.5
3 3 4 2.0
4 5 6 1.5
5 6 7 2.0
6 7 8 1.0
7 9 10 2.0
8 10 11 1.0
9 11 12 1.5
10 13 14 1.0
11 14 15 1.5
12 15 16 2.0
13 1 5 1.0
14 2 6 1.5
15 3 7 2.0
16 4 8 1.0
17 5 9 1.5
18 6 10 2.0
19 7 11 1.0
20 8 12 1.5
21 9 13 2.0
22 10 14 1.0
23 11 15 1.5
24 12 16 2.0
0 1
1 3
2 5
3 7
4 9
5 11
6 13
1 1 1.0
2 2 1.0
3 3 1.0
