8 8 4 16 24
8 1 0 456 1 1 654 1 2 852 1 3 145 2 4 632 3 632 1 5 425 1 6 214 1 7 654
8 1 0 789 1 1 123 1 2 369 1 3 678 2 4 581 3 581 1 5 396 1 6 123 1 7 789
8 2 0 654 1 654 1 1 123 1 2 632 1 3 965 1 4 475 2 5 325 7 325 1 6 456 1 7 654
8 1 0 321 1 1 456 1 2 581 1 3 421 2 4 32 3 32 1 5 147 1 6 789 2 7 123 0 123
8 1 0 456 1 1 789 1 2 472 1 3 365 1 4 536 1 5 852 1 6 654 1 7 123
8 1 0 789 1 1 654 2 2 586 4 586 1 3 824 1 4 325 2 5 12 2 12 1 6 321 1 7 456
8 2 0 654 7 654 2 1 321 5 321 2 2 320 1 320 1 3 758 1 4 863 1 5 452 1 6 456 1 7 789
8 1 0 789 1 1 147 1 2 120 1 3 639 1 4 21 1 5 863 1 6 789 1 7 654
1 0 0
2 6 0
3 12 0
4 18 0
5 0 6
6 6 6
7 12 6
8 18 6
9 0 12
10 6 12
11 12 12
12 18 12
13 0 18
14 6 18
15 12 18
16 18 18
1 1 2 1.0
2 2 3 1.5
3 3 4 2.0
4 5 6 1.5
5 6 7 2.0
6 7 8 1.0
7 9 10 2.0
8 10 11 1.0
9 11 12 1.5
10 13 14 1.0
11 14 15 1.5
12 15 16 2.0
13 1 5 1.0
14 2 6 1.5
15 3 7 2.0
16 4 8 1.0
17 5 9 1.5
18 6 10 2.0
19 7 11 1.0
20 8 12 1.5
21 9 13 2.0
22 10 14 1.0
23 11 15 1.5
24 12 16 2.0
0 1
1 3
2 5
3 7
4 9
5 11
6 13
7 15
1 1 1.0
2 2 1.0
3 3 1.0
4 4 1.0
