10 5 2 12 17
5 1 1 23 1 2 45 1 0 82 1 4 84 2 3 38 2 38
5 1 2 21 1 1 29 1 0 18 1 4 41 1 3 50
5 1 2 38 1 3 54 2 4 16 0 16 1 0 52 1 1 52
5 1 4 37 2 0 54 3 54 1 2 74 1 1 62 1 3 57
5 1 4 57 2 0 81 2 81 1 1 61 1 3 68 1 2 30
5 1 4 81 1 0 79 2 1 89 4 89 1 2 89 1 3 11
5 2 3 33 1 33 1 2 20 1 0 91 1 4 20 1 1 66
5 1 4 24 1 1 84 1 0 32 1 2 55 1 3 8
5 1 4 56 2 0 7 2 7 1 3 54 1 2 64 2 1 39 4 39
5 1 4 40 1 1 83 1 0 19 2 2 8 3 8 1 3 7
1 0 0
2 6 0
3 12 0
4 18 0
5 0 10
6 6 10
7 12 10
8 18 10
9 0 20
10 6 20
11 12 20
12 18 20
1 1 2 1.0
2 2 3 1.5
3 3 4 2.0
4 5 6 1.5
5 6 7 2.0
6 7 8 1.0
7 9 10 2.0
8 10 11 1.0
9 11 12 1.5
10 1 5 1.0
11 2 6 1.5
12 3 7 2.0
13 4 8 1.0
14 5 9 1.5
15 6 10 2.0
16 7 11 1.0
17 8 12 1.5
0 1
1 3
2 5
3 7
4 9
1 1 1.0
2 2 1.0
