10 5 2 12 17
5 1 0 12 1 2 94 1 3 92 1 4 91 2 1 7 2 7
5 1 1 19 1 3 11 1 4 66 1 2 21 1 0 87
5 1 1 14 1 0 75 2 3 13 0 13 1 4 16 1 2 20
5 1 2 95 2 4 66 0 66 1 0 7 1 3 7 1 1 77
5 1 1 45 2 3 6 4 6 1 4 89 1 0 15 1 2 34
5 1 3 77 1 2 20 1 0 76 2 4 88 3 88 1 1 53
5 1 2 74 2 1 88 2 88 1 0 52 1 3 27 1 4 9
5 1 1 88 1 3 69 1 0 62 1 4 98 1 2 52
5 1 2 61 1 4 9 2 0 62 3 62 1 1 52 2 3 90 4 90
5 1 2 54 1 4 5 1 3 59 2 1 15 3 15 1 0 88
1 0 0
2 6 0
3 12 0
4 18 0
5 0 10
6 6 10
7 12 10
8 18 10
9 0 20
10 6 20
11 12 20
12 18 20
1 1 2 1.0
2 2 3 1.5
3 3 4 2.0
4 5 6 1.5
5 6 7 2.0
6 7 8 1.0
7 9 10 2.0
8 10 11 1.0
9 11 12 1.5
10 1 5 1.0
11 2 6 1.5
12 3 7 2.0
13 4 8 1.0
14 5 9 1.5
15 6 10 2.0
16 7 11 1.0
17 8 12 1.5
0 1
1 3
2 5
3 7
4 9
1 1 1.0
2 2 1.0
