15 5 2 12 17
5 1 0 47 1 4 57 1 1 71 1 3 96 2 2 14 4 14
5 1 0 75 1 1 60 1 4 22 1 3 79 1 2 65
5 1 3 32 1 0 33 2 2 69 3 69 1 1 31 1 4 58
5 2 0 44 4 44 1 1 34 1 4 51 1 3 58 1 2 47
5 1 3 29 2 1 44 2 44 1 0 62 1 2 17 1 4 8
5 1 1 15 1 2 40 2 0 97 4 97 1 4 38 1 3 66
5 2 2 58 1 58 1 1 39 1 0 57 1 4 20 1 3 50
5 1 2 57 1 3 32 1 4 87 1 0 63 1 1 21
5 1 4 56 2 0 84 2 84 1 2 90 1 1 85 2 3 61 4 61
5 1 4 15 1 0 20 1 1 67 2 3 30 4 30 1 2 70
5 2 4 84 2 84 1 0 82 1 1 23 1 2 45 1 3 38
5 1 3 50 1 2 21 1 0 18 1 4 41 1 1 29
5 1 4 16 1 1 52 1 0 52 1 2 38 1 3 54
5 1 4 37 1 0 54 1 3 57 1 2 74 1 1 62
5 2 4 57 0 57 1 1 61 1 0 81 1 2 30 1 3 68
1 0 0
2 6 0
3 12 0
4 18 0
5 0 10
6 6 10
7 12 10
8 18 10
9 0 20
10 6 20
11 12 20
12 18 20
1 1 2 1.0
2 2 3 1.5
3 3 4 2.0
4 5 6 1.5
5 6 7 2.0
6 7 8 1.0
7 9 10 2.0
8 10 11 1.0
9 11 12 1.5
10 1 5 1.0
11 2 6 1.5
12 3 7 2.0
13 4 8 1.0
14 5 9 1.5
15 6 10 2.0
16 7 11 1.0
17 8 12 1.5
0 1
1 3
2 5
3 7
4 9
1 1 1.0
2 2 1.0
