15 5 2 12 17
5 1 1 66 1 3 85 1 2 84 1 0 62 2 4 19 2 19
5 1 3 59 1 1 64 1 2 46 1 4 13 1 0 25
5 1 4 88 1 3 80 2 1 73 0 73 1 2 53 1 0 41
5 1 0 14 2 1 67 0 67 1 2 57 1 3 74 1 4 47
5 1 0 84 2 4 64 2 64 1 2 41 1 3 84 1 1 78
5 1 0 63 1 3 28 2 1 46 4 46 1 2 26 1 4 52
5 2 3 10 1 10 1 2 17 1 4 73 1 1 11 1 0 64
5 1 2 67 1 1 97 1 3 95 1 4 38 1 0 85
5 1 2 95 2 4 46 2 46 1 0 59 1 1 65 2 3 93 4 93
5 1 2 43 1 4 85 1 3 32 2 1 85 3 85 1 0 60
5 2 4 49 2 49 1 3 41 1 2 61 1 0 66 1 1 90
5 1 1 17 1 0 23 1 3 70 1 4 99 1 2 49
5 1 4 40 1 3 73 1 0 73 1 1 98 1 2 68
5 1 3 57 1 1 9 1 2 7 1 0 13 1 4 98
5 1 0 37 2 1 85 2 85 1 2 17 1 4 79 1 3 41
1 0 0
2 6 0
3 12 0
4 18 0
5 0 10
6 6 10
7 12 10
8 18 10
9 0 20
10 6 20
11 12 20
12 18 20
1 1 2 1.0
2 2 3 1.5
3 3 4 2.0
4 5 6 1.5
5 6 7 2.0
6 7 8 1.0
7 9 10 2.0
8 10 11 1.0
9 11 12 1.5
10 1 5 1.0
11 2 6 1.5
12 3 7 2.0
13 4 8 1.0
14 5 9 1.5
15 6 10 2.0
16 7 11 1.0
17 8 12 1.5
0 1
1 3
2 5
3 7
4 9
1 1 1.0
2 2 1.0
