15 5 2 12 17
5 1 1 58 1 2 44 1 3 5 1 0 9 2 4 58 2 58
5 1 1 89 1 0 97 1 4 96 1 3 77 1 2 84
5 1 0 77 1 1 87 2 2 81 0 81 1 4 39 1 3 85
5 1 3 57 2 1 21 0 21 1 2 31 1 0 15 1 4 73
5 1 2 48 2 0 40 4 40 1 1 49 1 3 70 1 4 71
5 1 3 34 1 4 82 1 2 80 2 0 10 3 10 1 1 22
5 1 1 91 2 4 75 2 75 1 0 55 1 2 17 1 3 7
5 1 2 62 1 3 47 1 1 72 1 4 35 1 0 11
5 1 0 64 1 3 75 2 4 50 0 50 1 1 90 1 2 94
5 2 2 67 0 67 1 4 20 2 3 15 0 15 2 0 12 2 12 2 1 71 2 71
5 1 0 52 1 4 93 1 3 68 1 2 29 1 1 57
5 1 2 70 1 0 58 1 1 93 1 4 7 1 3 77
5 1 3 27 1 2 82 1 1 63 1 4 6 1 0 95
5 1 1 87 1 2 56 1 4 36 1 0 26 1 3 48
5 2 3 76 2 76 1 2 36 1 0 36 1 4 15 1 1 8
1 0 0
2 6 0
3 12 0
4 18 0
5 0 10
6 6 10
7 12 10
8 18 10
9 0 20
10 6 20
11 12 20
12 18 20
1 1 2 1.0
2 2 3 1.5
3 3 4 2.0
4 5 6 1.5
5 6 7 2.0
6 7 8 1.0
7 9 10 2.0
8 10 11 1.0
9 11 12 1.5
10 1 5 1.0
11 2 6 1.5
12 3 7 2.0
13 4 8 1.0
14 5 9 1.5
15 6 10 2.0
16 7 11 1.0
17 8 12 1.5
0 1
1 3
2 5
3 7
4 9
1 1 1.0
2 2 1.0
