20 5 2 12 17
5 1 2 34 1 1 21 1 0 53 1 3 55 2 4 95 2 95
5 1 0 21 1 3 52 1 1 71 1 4 16 1 2 26
5 1 0 12 1 1 42 2 2 31 0 31 1 4 98 1 3 39
5 1 2 66 2 3 77 0 77 1 4 79 1 0 55 1 1 77
5 1 0 83 2 4 37 2 37 1 3 34 1 1 19 1 2 64
5 1 4 79 1 2 43 2 0 92 4 92 1 3 62 1 1 54
5 2 0 93 1 93 1 4 77 1 2 87 1 1 87 1 3 69
5 1 4 83 1 3 24 1 1 41 1 2 38 1 0 60
5 1 4 25 2 1 49 2 49 1 0 44 1 2 98 2 3 17 4 17
5 1 0 96 1 1 75 1 2 43 2 4 77 3 77 1 3 79
5 2 0 95 2 95 1 3 76 1 1 7 1 4 28 1 2 35
5 1 4 10 1 2 95 1 0 61 1 1 9 1 3 35
5 1 1 91 1 2 59 1 4 59 1 0 46 1 3 16
5 1 2 27 1 1 52 1 4 43 1 0 28 1 3 50
5 1 4 9 2 0 87 2 87 1 3 41 1 2 39 1 1 45
5 1 1 54 1 0 20 1 4 43 1 3 14 1 2 71
5 1 4 33 2 1 28 4 28 1 3 26 1 0 78 1 2 37
5 1 1 89 1 0 33 1 2 8 1 3 66 1 4 42
5 1 4 84 1 0 69 2 2 94 4 94 1 1 74 1 3 27
5 1 4 81 1 2 45 1 1 78 1 3 69 1 0 96
1 0 0
2 6 0
3 12 0
4 18 0
5 0 10
6 6 10
7 12 10
8 18 10
9 0 20
10 6 20
11 12 20
12 18 20
1 1 2 1.0
2 2 3 1.5
3 3 4 2.0
4 5 6 1.5
5 6 7 2.0
6 7 8 1.0
7 9 10 2.0
8 10 11 1.0
9 11 12 1.5
10 1 5 1.0
11 2 6 1.5
12 3 7 2.0
13 4 8 1.0
14 5 9 1.5
15 6 10 2.0
16 7 11 1.0
17 8 12 1.5
0 1
1 3
2 5
3 7
4 9
1 1 1.0
2 2 1.0
