10 10 5 20 31
10 1 1 21 1 6 71 1 9 16 1 8 52 2 7 26 9 26 1 2 34 1 0 53 1 4 21 1 3 55 1 5 95
10 1 4 55 1 2 31 2 5 98 8 98 1 9 79 1 0 12 2 7 66 9 66 1 1 42 1 8 77 1 6 77 1 3 39
10 1 3 34 2 2 64 5 64 1 8 62 1 1 19 1 4 92 1 9 79 1 7 43 2 6 54 3 54 1 0 83 1 5 37
10 2 1 87 2 87 1 3 69 1 2 87 1 7 38 1 8 24 1 9 83 1 6 41 1 0 93 1 5 77 1 4 60
10 1 2 98 2 0 44 8 44 1 5 25 2 6 75 4 75 1 7 43 1 1 49 1 4 96 2 9 77 8 77 1 3 17 2 8 79 7 79
10 1 2 35 1 3 76 1 5 28 1 9 10 1 4 61 1 6 9 1 0 95 1 8 35 1 1 7 1 7 95
10 1 3 16 1 2 59 1 0 46 1 1 91 1 9 43 1 8 50 1 6 52 1 5 59 1 4 28 1 7 27
10 2 1 45 2 45 1 0 87 1 3 41 1 4 20 1 6 54 1 9 43 1 8 14 1 5 9 1 2 39 1 7 71
10 2 4 33 7 33 1 2 37 1 8 66 1 5 33 1 3 26 1 7 8 1 1 28 1 6 89 1 9 42 1 0 78
10 2 8 69 9 69 1 9 81 1 2 94 1 4 96 1 3 27 1 0 69 1 7 45 1 6 78 1 1 74 1 5 84
1 0 0
2 5 0
3 10 0
4 15 0
5 20 0
6 0 6
7 5 6
8 10 6
9 15 6
10 20 6
11 0 12
12 5 12
13 10 12
14 15 12
15 20 12
16 0 18
17 5 18
18 10 18
19 15 18
20 20 18
1 1 2 1.0
2 2 3 1.5
3 3 4 2.0
4 4 5 1.0
5 6 7 1.5
6 7 8 2.0
7 8 9 1.0
8 9 10 1.5
9 11 12 2.0
10 12 13 1.0
11 13 14 1.5
12 14 15 2.0
13 16 17 1.0
14 17 18 1.5
15 18 19 2.0
16 19 20 1.0
17 1 6 1.0
18 2 7 1.5
19 3 8 2.0
20 4 9 1.0
21 5 10 1.5
22 6 11 1.5
23 7 12 2.0
24 8 13 1.0
25 9 14 1.5
26 10 15 2.0
27 11 16 2.0
28 12 17 1.0
29 13 18 1.5
30 14 19 2.0
31 15 20 1.0
0 1
1 3
2 5
3 7
4 9
5 11
6 13
7 15
8 17
9 19
1 1 1.0
2 2 1.0
3 3 1.0
4 4 1.0
5 5 1.0
