10 10 5 20 31
10 1 4 18 1 7 21 1 9 41 1 2 45 2 3 38 7 38 1 8 50 1 5 84 1 6 29 1 1 23 1 0 82
10 1 8 57 1 5 16 2 1 52 5 52 1 7 74 1 2 38 1 3 54 2 6 62 5 62 1 9 37 1 4 54 1 0 52
10 1 2 30 2 4 79 9 79 1 3 68 1 1 61 1 8 11 1 6 89 1 7 89 1 0 81 2 9 81 3 81 1 5 57
10 1 0 91 2 8 8 2 8 1 3 33 1 7 55 1 5 20 1 2 20 1 4 32 1 6 84 1 1 66 1 9 24
10 1 9 40 1 0 7 2 4 19 0 19 1 8 7 1 6 83 2 2 64 7 64 1 5 56 1 3 54 2 7 8 8 8 1 1 39
10 2 3 91 7 91 1 2 64 1 5 40 1 0 63 1 7 98 1 4 74 1 8 61 1 1 6 1 6 42 1 9 15
10 1 1 80 1 7 39 1 8 24 1 3 75 1 4 75 1 5 6 1 6 44 1 0 26 1 2 87 1 9 22
10 1 1 15 2 7 43 2 43 1 2 20 1 0 12 1 8 26 1 6 61 1 3 79 1 9 22 1 5 8 1 4 80
10 1 2 62 2 3 96 4 96 1 4 22 1 9 5 1 0 63 1 6 33 1 7 10 1 8 18 1 1 36 1 5 40
10 1 1 96 1 0 89 2 5 64 4 64 1 3 95 1 9 23 1 7 18 1 8 15 1 2 64 1 6 38 1 4 8
1 0 0
2 5 0
3 10 0
4 15 0
5 20 0
6 0 6
7 5 6
8 10 6
9 15 6
10 20 6
11 0 12
12 5 12
13 10 12
14 15 12
15 20 12
16 0 18
17 5 18
18 10 18
19 15 18
20 20 18
1 1 2 1.0
2 2 3 1.5
3 3 4 2.0
4 4 5 1.0
5 6 7 1.5
6 7 8 2.0
7 8 9 1.0
8 9 10 1.5
9 11 12 2.0
10 12 13 1.0
11 13 14 1.5
12 14 15 2.0
13 16 17 1.0
14 17 18 1.5
15 18 19 2.0
16 19 20 1.0
17 1 6 1.0
18 2 7 1.5
19 3 8 2.0
20 4 9 1.0
21 5 10 1.5
22 6 11 1.5
23 7 12 2.0
24 8 13 1.0
25 9 14 1.5
26 10 15 2.0
27 11 16 2.0
28 12 17 1.0
29 13 18 1.5
30 14 19 2.0
31 15 20 1.0
0 1
1 3
2 5
3 7
4 9
5 11
6 13
7 15
8 17
9 19
1 1 1.0
2 2 1.0
3 3 1.0
4 4 1.0
5 5 1.0
