10 10 5 20 31
10 1 6 54 1 0 87 1 4 48 1 3 60 2 7 39 9 39 1 8 35 1 1 72 1 5 95 1 2 66 1 9 5
10 1 3 20 1 9 46 2 6 34 8 34 1 5 55 1 0 97 2 8 19 9 19 1 4 59 1 2 21 1 7 37 1 1 46
10 1 4 45 2 1 24 2 24 1 8 28 1 0 28 1 7 83 1 6 78 1 5 23 2 3 25 9 25 1 9 5 1 2 73
10 2 9 12 1 12 1 1 37 1 4 38 1 3 71 1 8 33 1 2 12 1 6 55 1 0 53 1 7 87 1 5 29
10 1 3 83 2 2 49 0 49 1 6 23 1 9 27 2 7 65 2 65 1 0 48 1 4 90 2 5 7 8 7 1 1 40 2 8 17 7 17
10 1 1 66 1 4 25 1 0 62 1 2 84 1 9 13 1 6 64 1 7 46 1 8 59 1 5 19 1 3 85
10 1 1 73 1 3 80 1 0 41 1 2 53 1 9 47 1 7 57 1 8 74 1 4 14 1 6 67 1 5 88
10 2 5 64 2 64 1 3 84 1 6 46 1 1 78 1 0 84 1 7 26 1 8 28 1 9 52 1 2 41 1 4 63
10 2 1 11 4 11 1 0 64 1 7 67 1 4 85 1 3 10 1 5 73 1 9 38 1 8 95 1 6 97 1 2 17
10 1 4 60 2 8 32 4 32 1 2 95 1 3 93 1 1 65 1 6 85 1 7 43 1 9 85 1 5 46 1 0 59
1 0 0
2 5 0
3 10 0
4 15 0
5 20 0
6 0 6
7 5 6
8 10 6
9 15 6
10 20 6
11 0 12
12 5 12
13 10 12
14 15 12
15 20 12
16 0 18
17 5 18
18 10 18
19 15 18
20 20 18
1 1 2 1.0
2 2 3 1.5
3 3 4 2.0
4 4 5 1.0
5 6 7 1.5
6 7 8 2.0
7 8 9 1.0
8 9 10 1.5
9 11 12 2.0
10 12 13 1.0
11 13 14 1.5
12 14 15 2.0
13 16 17 1.0
14 17 18 1.5
15 18 19 2.0
16 19 20 1.0
17 1 6 1.0
18 2 7 1.5
19 3 8 2.0
20 4 9 1.0
21 5 10 1.5
22 6 11 1.5
23 7 12 2.0
24 8 13 1.0
25 9 14 1.5
26 10 15 2.0
27 11 16 2.0
28 12 17 1.0
29 13 18 1.5
30 14 19 2.0
31 15 20 1.0
0 1
1 3
2 5
3 7
4 9
5 11
6 13
7 15
8 17
9 19
1 1 1.0
2 2 1.0
3 3 1.0
4 4 1.0
5 5 1.0
