10 10 5 20 31
10 1 2 44 1 3 5 1 5 58 1 4 97 2 0 9 7 9 1 7 84 1 8 77 1 9 96 1 1 58 1 6 89
10 1 4 15 1 7 31 2 1 87 5 87 1 8 57 1 0 77 1 3 85 2 2 81 5 81 1 5 39 1 9 73 1 6 21
10 1 9 82 2 6 22 9 22 1 4 10 1 3 70 1 1 49 1 0 40 1 8 34 1 2 48 2 7 80 3 80 1 5 71
10 1 1 91 2 2 17 9 17 1 7 62 1 5 75 1 8 47 1 4 11 1 3 7 1 6 72 1 9 35 1 0 55
10 1 6 71 2 1 90 2 90 1 3 75 1 0 64 2 2 94 4 94 1 8 15 1 4 12 1 7 67 2 9 20 8 20 1 5 50
10 2 7 70 2 70 1 5 93 1 8 77 1 2 29 1 4 58 1 6 93 1 3 68 1 1 57 1 9 7 1 0 52
10 1 6 87 1 1 63 1 4 26 1 5 6 1 2 82 1 3 27 1 7 56 1 8 48 1 9 36 1 0 95
10 2 0 36 2 36 1 5 15 1 8 41 1 9 78 1 3 76 1 6 84 1 4 30 1 7 76 1 2 36 1 1 8
10 2 5 88 4 88 1 2 81 1 3 13 1 6 82 1 4 54 1 7 13 1 8 29 1 9 40 1 1 78 1 0 75
10 1 9 88 2 4 54 6 54 1 6 64 1 7 32 1 0 52 1 2 6 1 8 54 1 5 82 1 3 6 1 1 26
1 0 0
2 5 0
3 10 0
4 15 0
5 20 0
6 0 6
7 5 6
8 10 6
9 15 6
10 20 6
11 0 12
12 5 12
13 10 12
14 15 12
15 20 12
16 0 18
17 5 18
18 10 18
19 15 18
20 20 18
1 1 2 1.0
2 2 3 1.5
3 3 4 2.0
4 4 5 1.0
5 6 7 1.5
6 7 8 2.0
7 8 9 1.0
8 9 10 1.5
9 11 12 2.0
10 12 13 1.0
11 13 14 1.5
12 14 15 2.0
13 16 17 1.0
14 17 18 1.5
15 18 19 2.0
16 19 20 1.0
17 1 6 1.0
18 2 7 1.5
19 3 8 2.0
20 4 9 1.0
21 5 10 1.5
22 6 11 1.5
23 7 12 2.0
24 8 13 1.0
25 9 14 1.5
26 10 15 2.0
27 11 16 2.0
28 12 17 1.0
29 13 18 1.5
30 14 19 2.0
31 15 20 1.0
0 1
1 3
2 5
3 7
4 9
5 11
6 13
7 15
8 17
9 19
1 1 1.0
2 2 1.0
3 3 1.0
4 4 1.0
5 5 1.0
