15 15 7 25 40
15 1 10 51 1 14 43 1 7 80 1 4 18 2 6 38 12 38 1 3 24 1 2 67 1 12 15 1 11 24 1 13 72 1 8 45 1 5 80 2 9 64 5 64 1 1 44 1 0 88
15 1 6 40 2 9 88 5 88 1 10 77 1 5 59 1 11 20 1 3 52 2 8 70 9 70 1 0 40 1 4 32 1 13 76 1 12 43 1 7 31 1 2 21 2 14 5 3 5 1 1 47
15 1 0 32 2 3 49 2 49 1 10 5 1 5 64 1 7 58 1 8 80 1 6 94 1 11 11 1 1 26 1 13 26 1 14 59 1 9 85 2 4 47 10 47 1 12 96 1 2 14
15 2 5 23 2 23 1 6 9 1 0 75 2 12 37 0 37 2 11 43 7 43 2 2 79 12 79 1 4 75 1 3 34 1 7 20 1 13 10 1 14 83 1 10 68 1 9 52 1 8 66 1 1 9
15 1 12 69 1 9 59 1 3 28 1 14 62 1 13 36 1 1 26 1 6 84 1 11 16 1 8 54 1 5 42 1 2 54 2 0 6 2 6 1 10 40 1 7 88 1 4 79
15 1 13 78 1 12 53 1 11 17 1 5 29 1 4 82 1 2 23 2 9 12 7 12 1 8 64 1 1 86 1 7 59 1 6 5 1 3 68 1 14 59 1 10 13 1 0 56
15 1 10 83 2 13 46 9 46 1 9 7 1 12 65 1 11 69 1 6 62 1 0 16 1 2 58 1 8 66 1 5 83 1 7 90 1 14 42 1 4 81 2 3 69 2 69 1 1 85
15 1 7 73 1 10 71 1 8 64 1 6 10 1 9 20 2 11 99 1 99 1 4 24 1 14 65 1 5 82 1 3 72 1 12 43 1 1 82 1 13 27 1 2 24 1 0 33
15 1 4 82 2 1 34 13 34 1 3 92 1 2 8 2 0 38 6 38 1 8 45 1 6 21 2 5 35 10 35 1 12 52 1 9 35 1 11 15 2 14 23 7 23 1 10 6 1 13 83 1 7 30
15 1 2 84 1 5 7 2 9 66 0 66 1 10 6 1 4 28 1 13 27 2 6 79 14 79 1 7 70 1 0 85 1 1 94 1 3 60 1 14 80 1 12 39 1 8 66 2 11 29 3 29
15 1 3 44 1 6 58 1 13 14 1 8 65 1 1 72 1 5 14 1 12 52 1 4 21 1 9 25 1 0 5 2 11 51 13 51 1 7 61 1 14 55 1 10 42 1 2 36
15 1 14 43 1 10 72 1 5 78 1 11 12 1 12 17 1 0 46 1 9 27 1 6 51 1 2 63 1 1 79 1 8 79 1 7 91 3 4 49 2 49 14 49 1 13 26 1 3 93
15 2 7 49 12 49 1 0 49 1 4 71 1 5 78 1 9 44 1 10 41 1 12 91 1 13 84 1 8 91 1 6 21 1 11 47 1 14 28 1 3 61 1 2 70 1 1 93
15 1 3 25 1 4 85 1 0 66 1 2 45 1 10 95 1 12 21 1 8 84 1 5 24 1 9 53 1 7 67 1 6 91 1 11 11 1 13 32 1 1 30 1 14 89
15 1 3 92 2 7 93 2 93 1 0 99 1 1 40 2 10 37 14 37 2 12 69 2 69 2 5 66 1 66 1 6 57 2 14 22 4 22 1 9 44 1 8 73 1 13 97 1 11 18 1 2 69 1 4 41
1 0 0
2 5 0
3 10 0
4 15 0
5 20 0
6 0 5
7 5 5
8 10 5
9 15 5
10 20 5
11 0 10
12 5 10
13 10 10
14 15 10
15 20 10
16 0 15
17 5 15
18 10 15
19 15 15
20 20 15
21 0 20
22 5 20
23 10 20
24 15 20
25 20 20
1 1 2 1.0
2 2 3 1.5
3 3 4 2.0
4 4 5 1.0
5 6 7 1.5
6 7 8 2.0
7 8 9 1.0
8 9 10 1.5
9 11 12 2.0
10 12 13 1.0
11 13 14 1.5
12 14 15 2.0
13 16 17 1.0
14 17 18 1.5
15 18 19 2.0
16 19 20 1.0
17 21 22 1.5
18 22 23 2.0
19 23 24 1.0
20 24 25 1.5
21 1 6 1.0
22 2 7 1.5
23 3 8 2.0
24 4 9 1.0
25 5 10 1.5
26 6 11 1.5
27 7 12 2.0
28 8 13 1.0
29 9 14 1.5
30 10 15 2.0
31 11 16 2.0
32 12 17 1.0
33 13 18 1.5
34 14 19 2.0
35 15 20 1.0
36 16 21 1.0
37 17 22 1.5
38 18 23 2.0
39 19 24 1.0
40 20 25 1.5
0 1
1 2
2 3
3 4
4 5
5 6
6 7
7 8
8 9
9 10
10 11
11 12
12 13
13 14
14 15
1 1 1.0
2 2 1.0
3 3 1.0
4 4 1.0
5 5 1.0
6 6 1.0
7 7 1.0
