15 15 7 25 40
15 1 9 65 1 10 28 1 4 74 1 12 33 2 2 51 12 51 1 14 75 1 5 73 1 8 32 1 6 13 1 3 81 1 1 35 1 7 59 2 13 38 5 38 1 11 55 1 0 27
15 1 0 64 2 1 53 5 53 1 11 83 1 2 33 1 4 6 1 9 52 2 14 72 9 72 1 8 7 1 13 90 1 12 21 1 6 23 1 3 10 1 10 39 2 5 49 3 49 1 7 72
15 1 14 73 2 3 82 2 82 1 1 23 1 12 62 1 6 88 1 5 21 1 8 65 1 11 70 1 7 53 1 10 81 1 2 93 1 13 77 2 0 61 10 61 1 9 28 1 4 78
15 2 1 12 2 12 1 6 51 1 7 33 2 4 15 0 15 2 14 72 7 72 2 10 98 12 98 1 9 94 1 5 12 1 11 42 1 2 24 1 13 15 1 8 28 1 3 6 1 12 99 1 0 41
15 1 12 97 1 5 7 1 9 96 1 4 15 1 14 73 1 13 43 1 0 32 1 8 22 1 11 42 1 1 94 1 2 23 2 7 86 2 86 1 6 78 1 10 24 1 3 31
15 1 1 72 1 5 88 1 2 93 1 13 13 1 4 44 1 14 66 2 6 63 9 63 1 7 14 1 9 67 1 10 17 1 11 85 1 0 35 1 3 68 1 12 5 1 8 49
15 1 9 15 1 7 82 2 6 21 9 21 1 14 53 1 3 72 1 13 49 1 2 99 1 4 26 1 12 56 1 8 45 1 1 68 1 10 51 1 0 8 1 5 27 2 11 96 7 96
15 1 3 54 1 7 24 1 4 14 1 8 38 1 5 36 2 2 52 8 52 1 14 55 1 12 37 1 11 48 1 0 93 1 13 60 1 10 70 1 1 23 1 6 23 1 9 83
15 1 3 12 1 8 69 3 6 26 8 26 3 26 1 9 23 2 14 28 6 28 1 1 82 1 5 33 2 4 45 10 45 1 13 64 1 7 15 1 11 9 2 12 73 7 73 1 10 59 1 2 37 1 0 62
15 1 0 87 1 5 12 2 7 80 9 80 1 4 50 1 10 48 1 12 90 1 1 72 2 13 24 12 24 1 6 14 1 8 71 1 11 44 1 9 46 1 2 15 1 14 61 1 3 92
15 2 2 54 8 54 1 0 22 1 6 61 1 4 46 1 3 73 1 5 16 1 12 6 1 9 94 1 14 93 1 13 67 1 8 54 2 7 75 13 75 1 11 32 1 10 40 1 1 97
15 1 10 92 1 14 36 1 4 22 1 9 9 1 3 47 1 1 77 1 12 79 1 13 36 1 6 30 1 8 98 1 11 79 1 7 7 1 5 55 3 2 6 4 6 14 6 1 0 30
15 1 0 49 2 13 83 12 83 1 3 73 1 6 82 1 1 82 1 14 92 1 11 73 1 4 31 1 10 35 1 9 54 1 5 7 1 8 37 1 7 72 1 2 52 1 12 76
15 1 10 98 1 12 34 1 13 52 1 4 26 1 1 28 1 3 39 1 8 80 1 5 29 1 9 70 1 0 43 1 6 48 1 7 58 1 2 45 1 14 94 1 11 96
15 1 1 70 1 10 17 2 6 90 2 90 1 12 67 1 4 14 2 8 23 14 23 2 3 21 2 21 2 7 18 1 18 1 13 43 2 11 84 4 84 1 5 26 1 9 36 1 2 93 1 14 84 1 0 42
1 0 0
2 5 0
3 10 0
4 15 0
5 20 0
6 0 5
7 5 5
8 10 5
9 15 5
10 20 5
11 0 10
12 5 10
13 10 10
14 15 10
15 20 10
16 0 15
17 5 15
18 10 15
19 15 15
20 20 15
21 0 20
22 5 20
23 10 20
24 15 20
25 20 20
1 1 2 1.0
2 2 3 1.5
3 3 4 2.0
4 4 5 1.0
5 6 7 1.5
6 7 8 2.0
7 8 9 1.0
8 9 10 1.5
9 11 12 2.0
10 12 13 1.0
11 13 14 1.5
12 14 15 2.0
13 16 17 1.0
14 17 18 1.5
15 18 19 2.0
16 19 20 1.0
17 21 22 1.5
18 22 23 2.0
19 23 24 1.0
20 24 25 1.5
21 1 6 1.0
22 2 7 1.5
23 3 8 2.0
24 4 9 1.0
25 5 10 1.5
26 6 11 1.5
27 7 12 2.0
28 8 13 1.0
29 9 14 1.5
30 10 15 2.0
31 11 16 2.0
32 12 17 1.0
33 13 18 1.5
34 14 19 2.0
35 15 20 1.0
36 16 21 1.0
37 17 22 1.5
38 18 23 2.0
39 19 24 1.0
40 20 25 1.5
0 1
1 2
2 3
3 4
4 5
5 6
6 7
7 8
8 9
9 10
10 11
11 12
12 13
13 14
14 15
1 1 1.0
2 2 1.0
3 3 1.0
4 4 1.0
5 5 1.0
6 6 1.0
7 7 1.0
