10 10 5 20 31
10 1 9 66 1 8 13 1 0 93 1 7 91 2 6 14 7 14 1 5 70 1 3 99 1 2 53 1 4 86 1 1 16
10 1 8 34 1 9 99 2 0 62 5 62 1 7 65 1 5 62 1 4 64 2 6 21 5 21 1 2 12 1 3 9 1 1 75
10 1 9 12 2 8 26 9 26 1 7 64 1 6 92 1 4 67 1 5 28 1 3 66 1 2 83 2 1 38 3 38 1 0 58
10 1 0 77 2 1 73 2 73 1 3 82 1 2 75 1 6 84 1 4 19 1 5 18 1 7 89 1 8 8 1 9 73
10 1 0 34 1 1 74 2 7 48 0 48 1 5 44 1 4 92 2 6 40 2 40 1 3 60 1 2 62 2 8 22 5 22 2 9 67 7 67
10 2 9 8 7 8 1 8 85 1 3 58 1 7 97 1 5 92 1 4 89 1 6 75 1 2 77 1 1 95 1 0 5
10 1 8 52 1 9 43 1 6 5 1 7 78 1 5 12 1 3 62 1 4 21 1 2 80 1 1 60 1 0 31
10 1 9 81 2 8 23 2 23 1 7 23 1 6 75 1 4 78 1 5 56 1 3 51 1 2 39 1 1 53 1 0 96
10 1 9 79 2 8 55 4 55 1 2 88 1 4 21 1 5 83 1 3 93 1 6 47 1 7 10 1 0 63 1 1 14
10 1 0 43 1 1 63 2 2 83 4 83 1 3 29 1 4 52 1 5 98 1 6 54 1 7 39 1 8 33 1 9 23
1 0 0
2 5 0
3 10 0
4 15 0
5 20 0
6 0 6
7 5 6
8 10 6
9 15 6
10 20 6
11 0 12
12 5 12
13 10 12
14 15 12
15 20 12
16 0 18
17 5 18
18 10 18
19 15 18
20 20 18
1 1 2 1.0
2 2 3 1.5
3 3 4 2.0
4 4 5 1.0
5 6 7 1.5
6 7 8 2.0
7 8 9 1.0
8 9 10 1.5
9 11 12 2.0
10 12 13 1.0
11 13 14 1.5
12 14 15 2.0
13 16 17 1.0
14 17 18 1.5
15 18 19 2.0
16 19 20 1.0
17 1 6 1.0
18 2 7 1.5
19 3 8 2.0
20 4 9 1.0
21 5 10 1.5
22 6 11 1.5
23 7 12 2.0
24 8 13 1.0
25 9 14 1.5
26 10 15 2.0
27 11 16 2.0
28 12 17 1.0
29 13 18 1.5
30 14 19 2.0
31 15 20 1.0
0 1
1 3
2 5
3 7
4 9
5 11
6 13
7 15
8 17
9 19
1 1 1.0
2 2 1.0
3 3 1.0
4 4 1.0
5 5 1.0
