10 10 5 20 31
10 1 0 72 1 1 54 1 2 33 1 3 86 2 4 75 7 75 1 5 16 1 6 96 1 7 7 1 8 99 1 9 76
10 1 0 16 1 3 88 2 4 48 5 48 1 8 52 1 9 60 1 6 29 2 7 18 5 18 1 5 89 1 2 80 1 1 76
10 1 0 47 2 7 11 9 11 1 3 14 1 2 56 1 6 16 1 4 83 1 1 10 1 5 61 2 8 24 3 24 1 9 58
10 1 0 49 2 1 31 2 31 1 3 17 1 8 50 1 5 63 1 2 35 1 4 65 1 7 23 1 6 50 1 9 29
10 1 0 55 1 6 6 2 1 28 0 28 1 3 96 1 5 86 2 2 99 7 99 1 9 14 1 7 70 2 8 64 4 64 1 4 24
10 2 4 46 2 46 1 0 23 1 6 70 1 8 19 1 2 54 1 3 22 1 9 85 1 7 87 1 5 79 1 1 93
10 1 4 76 1 3 60 1 0 76 1 9 98 1 2 76 1 1 50 1 8 86 1 7 14 1 6 27 1 5 57
10 2 4 93 0 93 1 6 27 1 9 57 1 3 87 1 8 86 1 2 54 1 7 24 1 5 49 1 0 20 1 1 47
10 2 2 28 9 28 1 6 11 1 8 78 1 7 85 1 4 63 1 9 81 1 3 10 1 1 9 1 5 46 1 0 32
10 1 2 22 2 9 76 4 76 1 5 89 1 8 13 1 6 88 1 3 10 1 7 75 1 4 98 1 1 78 1 0 17
1 0 0
2 5 0
3 10 0
4 15 0
5 20 0
6 0 6
7 5 6
8 10 6
9 15 6
10 20 6
11 0 12
12 5 12
13 10 12
14 15 12
15 20 12
16 0 18
17 5 18
18 10 18
19 15 18
20 20 18
1 1 2 1.0
2 2 3 1.5
3 3 4 2.0
4 4 5 1.0
5 6 7 1.5
6 7 8 2.0
7 8 9 1.0
8 9 10 1.5
9 11 12 2.0
10 12 13 1.0
11 13 14 1.5
12 14 15 2.0
13 16 17 1.0
14 17 18 1.5
15 18 19 2.0
16 19 20 1.0
17 1 6 1.0
18 2 7 1.5
19 3 8 2.0
20 4 9 1.0
21 5 10 1.5
22 6 11 1.5
23 7 12 2.0
24 8 13 1.0
25 9 14 1.5
26 10 15 2.0
27 11 16 2.0
28 12 17 1.0
29 13 18 1.5
30 14 19 2.0
31 15 20 1.0
0 1
1 3
2 5
3 7
4 9
5 11
6 13
7 15
8 17
9 19
1 1 1.0
2 2 1.0
3 3 1.0
4 4 1.0
5 5 1.0
