10 10 5 20 31
10 1 0 96 1 1 69 1 2 25 1 3 5 2 4 55 7 55 1 5 15 1 6 88 1 7 11 1 8 17 1 9 82
10 1 0 11 1 1 48 2 2 67 5 67 1 3 38 1 4 18 1 7 24 2 6 62 5 62 1 5 92 1 9 96 1 8 81
10 1 2 67 2 1 63 9 63 1 0 93 1 4 85 1 3 25 1 5 72 1 6 51 1 7 81 2 8 58 3 58 1 9 15
10 1 2 30 2 1 35 2 35 1 0 27 1 4 82 1 3 44 1 7 92 1 6 25 1 5 49 1 9 28 1 8 77
10 1 1 53 1 0 83 2 4 73 0 73 1 3 26 1 2 77 2 6 33 2 33 1 5 92 1 9 99 2 8 38 5 38 2 7 38 2 38
10 2 1 20 2 20 1 0 44 1 4 81 1 3 88 1 2 66 1 6 70 1 5 91 1 9 37 1 8 55 1 7 96
10 1 1 21 1 2 93 1 4 22 1 0 56 1 3 34 1 6 40 1 7 53 1 9 46 1 5 29 1 8 63
10 2 1 32 0 32 1 2 63 1 4 36 1 0 26 1 3 17 1 5 85 1 7 15 1 8 55 1 9 16 1 6 82
10 2 0 73 9 73 1 2 46 1 3 89 1 4 24 1 1 99 1 6 92 1 7 7 1 9 51 1 5 19 1 8 14
10 1 0 52 2 2 20 9 20 1 3 70 1 4 98 1 1 23 1 5 15 1 7 81 1 8 71 1 9 24 1 6 81
1 0 0
2 5 0
3 10 0
4 15 0
5 20 0
6 0 6
7 5 6
8 10 6
9 15 6
10 20 6
11 0 12
12 5 12
13 10 12
14 15 12
15 20 12
16 0 18
17 5 18
18 10 18
19 15 18
20 20 18
1 1 2 1.0
2 2 3 1.5
3 3 4 2.0
4 4 5 1.0
5 6 7 1.5
6 7 8 2.0
7 8 9 1.0
8 9 10 1.5
9 11 12 2.0
10 12 13 1.0
11 13 14 1.5
12 14 15 2.0
13 16 17 1.0
14 17 18 1.5
15 18 19 2.0
16 19 20 1.0
17 1 6 1.0
18 2 7 1.5
19 3 8 2.0
20 4 9 1.0
21 5 10 1.5
22 6 11 1.5
23 7 12 2.0
24 8 13 1.0
25 9 14 1.5
26 10 15 2.0
27 11 16 2.0
28 12 17 1.0
29 13 18 1.5
30 14 19 2.0
31 15 20 1.0
0 1
1 3
2 5
3 7
4 9
5 11
6 13
7 15
8 17
9 19
1 1 1.0
2 2 1.0
3 3 1.0
4 4 1.0
5 5 1.0
