10 10 5 20 31
10 1 9 11 1 8 93 1 0 48 1 7 76 2 6 13 7 13 1 5 71 1 3 59 1 2 90 1 4 10 1 1 65
10 1 8 52 1 9 76 2 0 84 5 84 1 7 73 1 5 56 1 4 10 2 6 26 5 26 1 2 43 1 3 39 1 1 49
10 1 9 28 2 8 44 9 44 1 7 26 1 6 66 1 4 68 1 5 74 1 3 27 1 2 14 2 1 6 3 6 1 0 21
10 1 0 18 2 1 58 2 58 1 3 62 1 2 46 1 6 25 1 4 6 1 5 60 1 7 28 1 8 80 1 9 30
10 1 0 78 1 1 47 2 7 29 0 29 1 5 16 1 4 29 2 6 57 2 57 1 3 78 1 2 87 2 8 39 5 39 2 9 73 7 73
10 2 9 66 7 66 1 8 51 1 3 12 1 7 64 1 5 67 1 4 15 1 6 66 1 2 26 1 1 20 1 0 98
10 1 8 23 1 9 76 1 6 45 1 7 75 1 5 24 1 3 18 1 4 83 1 2 15 1 1 88 1 0 17
10 1 9 56 2 8 83 2 83 1 7 80 1 6 16 1 4 31 1 5 93 1 3 30 1 2 29 1 1 66 1 0 28
10 1 9 79 2 8 69 4 69 1 2 82 1 4 16 1 5 62 1 3 41 1 6 91 1 7 35 1 0 34 1 1 75
10 1 0 5 1 1 19 2 2 20 4 20 1 3 12 1 4 94 1 5 60 1 6 99 1 7 31 1 8 96 1 9 63
1 0 0
2 5 0
3 10 0
4 15 0
5 20 0
6 0 6
7 5 6
8 10 6
9 15 6
10 20 6
11 0 12
12 5 12
13 10 12
14 15 12
15 20 12
16 0 18
17 5 18
18 10 18
19 15 18
20 20 18
1 1 2 1.0
2 2 3 1.5
3 3 4 2.0
4 4 5 1.0
5 6 7 1.5
6 7 8 2.0
7 8 9 1.0
8 9 10 1.5
9 11 12 2.0
10 12 13 1.0
11 13 14 1.5
12 14 15 2.0
13 16 17 1.0
14 17 18 1.5
15 18 19 2.0
16 19 20 1.0
17 1 6 1.0
18 2 7 1.5
19 3 8 2.0
20 4 9 1.0
21 5 10 1.5
22 6 11 1.5
23 7 12 2.0
24 8 13 1.0
25 9 14 1.5
26 10 15 2.0
27 11 16 2.0
28 12 17 1.0
29 13 18 1.5
30 14 19 2.0
31 15 20 1.0
0 1
1 3
2 5
3 7
4 9
5 11
6 13
7 15
8 17
9 19
1 1 1.0
2 2 1.0
3 3 1.0
4 4 1.0
5 5 1.0
