10 10 5 20 31
10 1 0 32 1 1 14 1 2 15 1 3 37 2 4 18 7 18 1 5 43 1 6 19 1 7 27 1 8 28 1 9 31
10 1 0 8 1 3 12 2 4 49 5 49 1 8 24 1 9 52 1 6 19 2 7 23 5 23 1 5 19 1 2 17 1 1 32
10 1 0 25 2 7 19 9 19 1 3 27 1 2 45 1 6 21 1 4 15 1 1 13 1 5 16 2 8 43 3 43 1 9 19
10 1 0 24 2 1 18 2 18 1 3 41 1 8 29 1 5 14 1 2 17 1 4 23 1 7 15 1 6 18 1 9 23
10 1 0 27 1 6 29 2 1 39 0 39 1 3 21 1 5 15 2 2 15 7 15 1 9 25 1 7 26 2 8 44 4 44 1 4 20
10 2 4 17 2 17 1 0 15 1 6 51 1 8 17 1 2 46 1 3 16 1 9 33 1 7 25 1 5 30 1 1 25
10 1 4 15 1 3 31 1 0 25 1 9 12 1 2 13 1 1 51 1 8 19 1 7 21 1 6 12 1 5 26
10 2 4 8 0 8 1 6 29 1 9 25 1 3 15 1 8 17 1 2 22 1 7 32 1 5 20 1 0 11 1 1 28
10 2 2 41 9 41 1 6 10 1 8 32 1 7 5 1 4 21 1 9 59 1 3 26 1 1 10 1 5 16 1 0 29
10 1 2 20 2 9 7 4 7 1 5 44 1 8 22 1 6 33 1 3 25 1 7 29 1 4 12 1 1 14 1 0 0
1 0 0
2 5 0
3 10 0
4 15 0
5 20 0
6 0 6
7 5 6
8 10 6
9 15 6
10 20 6
11 0 12
12 5 12
13 10 12
14 15 12
15 20 12
16 0 18
17 5 18
18 10 18
19 15 18
20 20 18
1 1 2 1.0
2 2 3 1.5
3 3 4 2.0
4 4 5 1.0
5 6 7 1.5
6 7 8 2.0
7 8 9 1.0
8 9 10 1.5
9 11 12 2.0
10 12 13 1.0
11 13 14 1.5
12 14 15 2.0
13 16 17 1.0
14 17 18 1.5
15 18 19 2.0
16 19 20 1.0
17 1 6 1.0
18 2 7 1.5
19 3 8 2.0
20 4 9 1.0
21 5 10 1.5
22 6 11 1.5
23 7 12 2.0
24 8 13 1.0
25 9 14 1.5
26 10 15 2.0
27 11 16 2.0
28 12 17 1.0
29 13 18 1.5
30 14 19 2.0
31 15 20 1.0
0 1
1 3
2 5
3 7
4 9
5 11
6 13
7 15
8 17
9 19
1 1 1.0
2 2 1.0
3 3 1.0
4 4 1.0
5 5 1.0
