10 10 5 20 31
10 1 0 55 1 1 74 1 2 45 1 3 23 2 4 76 7 76 1 5 19 1 6 18 1 7 61 1 8 44 1 9 11
10 1 0 63 1 1 43 2 2 51 5 51 1 3 18 1 4 42 1 7 11 2 6 29 5 29 1 5 52 1 9 29 1 8 88
10 1 2 88 2 1 31 9 31 1 0 47 1 4 10 1 3 62 1 5 60 1 6 58 1 7 29 2 8 52 3 52 1 9 92
10 1 2 16 2 1 71 2 71 1 0 55 1 4 55 1 3 9 1 7 49 1 6 83 1 5 54 1 9 7 1 8 57
10 1 1 7 1 0 41 2 4 92 0 92 1 3 94 1 2 46 2 6 79 2 79 1 5 34 1 9 38 2 8 8 5 8 2 7 18 2 18
10 2 1 25 2 25 1 0 5 1 4 89 1 3 94 1 2 14 1 6 94 1 5 20 1 9 23 1 8 44 1 7 39
10 1 1 24 1 2 21 1 4 47 1 0 40 1 3 94 1 6 71 1 7 89 1 9 75 1 5 97 1 8 15
10 2 1 5 0 5 1 2 7 1 4 74 1 0 28 1 3 72 1 5 61 1 7 9 1 8 53 1 9 32 1 6 97
10 2 0 34 9 34 1 2 52 1 3 37 1 4 6 1 1 94 1 6 6 1 7 56 1 9 41 1 5 5 1 8 16
10 1 0 77 2 2 74 9 74 1 3 82 1 4 10 1 1 29 1 5 15 1 7 51 1 8 65 1 9 37 1 6 21
1 0 0
2 5 0
3 10 0
4 15 0
5 20 0
6 0 6
7 5 6
8 10 6
9 15 6
10 20 6
11 0 12
12 5 12
13 10 12
14 15 12
15 20 12
16 0 18
17 5 18
18 10 18
19 15 18
20 20 18
1 1 2 1.0
2 2 3 1.5
3 3 4 2.0
4 4 5 1.0
5 6 7 1.5
6 7 8 2.0
7 8 9 1.0
8 9 10 1.5
9 11 12 2.0
10 12 13 1.0
11 13 14 1.5
12 14 15 2.0
13 16 17 1.0
14 17 18 1.5
15 18 19 2.0
16 19 20 1.0
17 1 6 1.0
18 2 7 1.5
19 3 8 2.0
20 4 9 1.0
21 5 10 1.5
22 6 11 1.5
23 7 12 2.0
24 8 13 1.0
25 9 14 1.5
26 10 15 2.0
27 11 16 2.0
28 12 17 1.0
29 13 18 1.5
30 14 19 2.0
31 15 20 1.0
0 1
1 3
2 5
3 7
4 9
5 11
6 13
7 15
8 17
9 19
1 1 1.0
2 2 1.0
3 3 1.0
4 4 1.0
5 5 1.0
