10 10 5 20 31
10 1 0 36 1 1 96 1 2 86 1 3 7 2 4 20 7 20 1 5 9 1 6 39 1 7 79 1 8 82 1 9 24
10 1 0 16 1 8 95 2 3 67 5 67 1 5 63 1 2 87 1 1 24 2 9 62 5 62 1 6 49 1 7 92 1 4 16
10 1 0 65 2 6 71 9 71 1 1 9 1 3 67 1 8 70 1 2 48 1 5 49 1 4 66 2 7 5 3 5 1 9 96
10 1 0 50 2 1 31 2 31 1 4 6 1 8 13 1 5 98 1 7 97 1 6 93 1 9 30 1 3 34 1 2 83
10 1 0 99 1 5 7 2 9 55 0 55 1 8 78 1 7 68 2 4 81 2 81 1 3 90 1 2 75 2 1 66 5 66 2 6 40 7 40
10 2 1 42 7 42 1 5 11 1 0 5 1 9 39 1 2 10 1 8 30 1 3 39 1 6 50 1 7 20 1 4 51
10 1 0 38 1 3 68 1 8 86 1 7 77 1 9 32 1 2 89 1 4 37 1 6 53 1 1 43 1 5 89
10 1 0 19 2 9 11 2 11 1 4 37 1 1 41 1 5 72 1 7 7 1 2 52 1 6 31 1 3 68 1 8 10
10 1 0 83 2 1 21 4 21 1 9 23 1 7 87 1 8 58 1 6 89 1 4 74 1 5 29 1 2 74 1 3 23
10 1 0 44 1 2 57 2 4 69 6 69 1 9 50 1 1 65 1 5 69 1 8 60 1 3 58 1 6 89 1 7 13
1 0 0
2 5 0
3 10 0
4 15 0
5 20 0
6 0 6
7 5 6
8 10 6
9 15 6
10 20 6
11 0 12
12 5 12
13 10 12
14 15 12
15 20 12
16 0 18
17 5 18
18 10 18
19 15 18
20 20 18
1 1 2 1.0
2 2 3 1.5
3 3 4 2.0
4 4 5 1.0
5 6 7 1.5
6 7 8 2.0
7 8 9 1.0
8 9 10 1.5
9 11 12 2.0
10 12 13 1.0
11 13 14 1.5
12 14 15 2.0
13 16 17 1.0
14 17 18 1.5
15 18 19 2.0
16 19 20 1.0
17 1 6 1.0
18 2 7 1.5
19 3 8 2.0
20 4 9 1.0
21 5 10 1.5
22 6 11 1.5
23 7 12 2.0
24 8 13 1.0
25 9 14 1.5
26 10 15 2.0
27 11 16 2.0
28 12 17 1.0
29 13 18 1.5
30 14 19 2.0
31 15 20 1.0
0 1
1 3
2 5
3 7
4 9
5 11
6 13
7 15
8 17
9 19
1 1 1.0
2 2 1.0
3 3 1.0
4 4 1.0
5 5 1.0
