10 11 5 20 31
10 2 0 29 10 29 1 1 78 1 2 9 1 3 36 1 4 49 1 5 11 1 6 62 1 7 56 1 8 44 1 9 21
10 2 0 43 10 43 1 2 90 1 4 75 1 9 11 1 3 69 1 1 28 1 6 46 1 5 46 1 7 72 1 8 30
10 1 1 91 2 0 85 10 85 1 3 39 1 2 74 1 8 90 1 5 10 1 7 12 1 6 89 1 9 45 1 4 33
10 1 1 81 1 2 95 2 0 71 10 71 1 4 99 1 6 9 1 8 52 1 7 85 1 3 98 1 9 22 1 5 43
10 1 2 14 2 0 6 10 6 1 1 22 1 5 61 1 3 26 1 4 69 1 8 21 1 7 49 1 9 72 1 6 53
10 1 2 84 1 1 2 1 5 52 1 3 95 1 8 48 1 9 72 2 0 47 10 47 1 6 65 1 4 6 1 7 25
10 1 1 46 2 0 37 10 37 1 3 61 1 2 13 1 6 32 1 5 21 1 9 32 1 8 89 1 7 30 1 4 55
10 1 2 31 2 0 86 10 86 1 1 46 1 5 74 1 4 32 1 6 88 1 8 19 1 9 48 1 7 36 1 3 79
10 2 0 76 10 76 1 1 69 1 3 76 1 5 51 1 2 85 1 9 11 1 6 40 1 7 89 1 4 26 1 8 74
10 1 1 85 2 0 13 10 13 1 2 61 1 6 7 1 8 64 1 9 76 1 5 47 1 3 52 1 4 90 1 7 45
1 0 0
2 5 0
3 10 0
4 15 0
5 20 0
6 0 6
7 5 6
8 10 6
9 15 6
10 20 6
11 0 12
12 5 12
13 10 12
14 15 12
15 20 12
16 0 18
17 5 18
18 10 18
19 15 18
20 20 18
1 1 2 1.0
2 2 3 1.5
3 3 4 2.0
4 4 5 1.0
5 6 7 1.5
6 7 8 2.0
7 8 9 1.0
8 9 10 1.5
9 11 12 2.0
10 12 13 1.0
11 13 14 1.5
12 14 15 2.0
13 16 17 1.0
14 17 18 1.5
15 18 19 2.0
16 19 20 1.0
17 1 6 1.0
18 2 7 1.5
19 3 8 2.0
20 4 9 1.0
21 5 10 1.5
22 6 11 1.5
23 7 12 2.0
24 8 13 1.0
25 9 14 1.5
26 10 15 2.0
27 11 16 2.0
28 12 17 1.0
29 13 18 1.5
30 14 19 2.0
31 15 20 1.0
0 1
1 2
2 3
3 4
4 5
5 6
6 7
7 8
8 9
9 10
10 11
1 1 1.0
2 2 1.0
3 3 1.0
4 4 1.0
5 5 1.0
