15 12 6 20 31
10 1 7 8 1 9 75 1 0 72 1 6 74 1 4 30 2 8 43 10 43 1 2 38 2 5 98 11 98 1 1 26 1 3 19
10 1 6 19 2 8 73 10 73 1 3 43 1 0 23 1 1 85 1 4 39 2 5 13 11 13 1 9 26 1 2 67 1 7 9
10 1 1 50 1 3 93 2 5 80 11 80 1 4 7 1 0 55 1 2 61 1 6 57 2 8 72 10 72 1 9 42 1 7 46
10 1 1 68 1 7 43 1 4 99 1 6 60 2 5 68 11 68 1 0 91 2 8 11 10 11 1 3 96 1 9 11 1 2 72
10 1 7 84 1 2 34 2 8 40 10 40 2 5 7 11 7 1 1 70 1 6 74 1 3 12 1 0 43 1 9 69 1 4 30
10 2 8 60 10 60 1 0 49 1 4 59 2 5 72 11 72 1 9 63 1 1 69 1 7 99 1 6 45 1 3 27 1 2 9
10 1 6 71 1 2 91 2 8 65 10 65 1 1 90 1 9 98 1 4 8 1 7 50 1 0 75 2 5 37 11 37 1 3 17
10 2 8 62 10 62 1 7 90 2 5 98 11 98 1 3 31 1 2 91 1 4 38 1 9 72 1 1 9 1 0 72 1 6 49
10 1 4 35 1 0 39 1 9 74 2 5 25 11 25 1 7 47 1 3 52 1 2 63 2 8 21 10 21 1 6 35 1 1 80
10 1 9 58 1 0 5 1 3 50 2 8 52 10 52 1 1 88 1 6 20 1 2 68 2 5 24 11 24 1 4 53 1 7 57
10 1 7 99 1 3 91 1 4 33 2 5 19 11 19 1 2 18 1 6 38 1 0 24 1 9 35 1 1 49 2 8 9 10 9
10 1 0 68 1 3 60 1 2 77 1 7 10 2 8 60 10 60 2 5 15 11 15 1 9 72 1 1 18 1 6 90 1 4 18
10 1 9 79 1 1 60 1 3 56 1 6 91 1 2 40 2 8 86 10 86 1 7 72 1 0 80 2 5 89 11 89 1 4 51
10 1 4 10 1 2 92 2 5 23 11 23 1 6 46 2 8 40 10 40 1 7 72 1 3 6 1 1 23 1 0 95 1 9 34
10 1 2 24 2 5 29 11 29 1 9 49 2 8 55 10 55 1 0 47 1 6 77 1 3 77 1 7 8 1 1 28 1 4 48
1 0 0
2 5 0
3 10 0
4 15 0
5 20 0
6 0 6
7 5 6
8 10 6
9 15 6
10 20 6
11 0 12
12 5 12
13 10 12
14 15 12
15 20 12
16 0 18
17 5 18
18 10 18
19 15 18
20 20 18
1 1 2 1.0
2 2 3 1.5
3 3 4 2.0
4 4 5 1.0
5 6 7 1.5
6 7 8 2.0
7 8 9 1.0
8 9 10 1.5
9 11 12 2.0
10 12 13 1.0
11 13 14 1.5
12 14 15 2.0
13 16 17 1.0
14 17 18 1.5
15 18 19 2.0
16 19 20 1.0
17 1 6 1.0
18 2 7 1.5
19 3 8 2.0
20 4 9 1.0
21 5 10 1.5
22 6 11 1.5
23 7 12 2.0
24 8 13 1.0
25 9 14 1.5
26 10 15 2.0
27 11 16 2.0
28 12 17 1.0
29 13 18 1.5
30 14 19 2.0
31 15 20 1.0
0 1
1 2
2 3
3 4
4 5
5 6
6 7
7 8
8 9
9 10
10 11
11 12
1 1 1.0
2 2 1.0
3 3 1.0
4 4 1.0
5 5 1.0
6 6 1.0
