10 7 3 16 24
3 7 0 1 1 4 2 6 3 9 4 3 5 5 6 2 7 0 8 1 9 2 5 3 4 4 1 5 1 6 3 7 0 4 1 8 2 10 3 4 4 11 5 4 6 3
2 7 0 6 1 9 2 8 3 6 4 5 5 10 6 3 7 0 2 1 10 2 4 3 5 4 9 5 8 6 4
3 7 0 15 1 4 2 8 3 4 4 8 5 7 6 1 7 0 9 1 6 2 1 3 10 4 7 5 1 6 6 7 0 11 1 2 2 7 3 5 4 2 5 3 6 14
3 7 0 2 1 8 2 5 3 8 4 9 5 4 6 3 7 0 5 1 3 2 8 3 1 4 9 5 3 6 6 7 0 1 1 2 2 6 3 4 4 1 5 7 6 2
3 7 0 7 1 1 2 8 3 5 4 4 5 3 6 9 7 0 2 1 4 2 5 3 10 4 6 5 4 6 9 7 0 5 1 1 2 7 3 1 4 6 5 6 6 2
3 7 0 8 1 7 2 4 3 56 4 9 5 8 6 4 7 0 5 1 14 2 1 3 9 4 6 5 5 6 8 7 0 3 1 5 2 2 3 5 4 4 5 5 6 7
3 7 0 5 1 6 2 3 3 6 4 5 5 15 6 2 7 0 6 1 5 2 4 3 9 4 5 5 4 6 3 7 0 9 1 8 2 2 3 8 4 6 5 1 6 7
3 7 0 6 1 1 2 4 3 1 4 10 5 4 6 3 7 0 11 1 13 2 9 3 8 4 9 5 10 6 8 7 0 4 1 2 2 7 3 8 4 3 5 10 6 7
3 7 0 12 1 5 2 4 3 5 4 4 5 5 6 5 7 0 4 1 2 2 15 3 99 4 4 5 7 6 3 7 0 9 1 5 2 11 3 2 4 5 5 4 6 2
3 7 0 9 1 4 2 13 3 10 4 7 5 6 6 8 7 0 4 1 3 2 25 3 3 4 8 5 1 6 2 7 0 1 1 2 2 6 3 11 4 13 5 3 6 5
1 0 0
2 6 0
3 12 0
4 18 0
5 0 6
6 6 6
7 12 6
8 18 6
9 0 12
10 6 12
11 12 12
12 18 12
13 0 18
14 6 18
15 12 18
16 18 18
1 1 2 1.0
2 2 3 1.5
3 3 4 2.0
4 5 6 1.5
5 6 7 2.0
6 7 8 1.0
7 9 10 2.0
8 10 11 1.0
9 11 12 1.5
10 13 14 1.0
11 14 15 1.5
12 15 16 2.0
13 1 5 1.0
14 2 6 1.5
15 3 7 2.0
16 4 8 1.0
17 5 9 1.5
18 6 10 2.0
19 7 11 1.0
20 8 12 1.5
21 9 13 2.0
22 10 14 1.0
23 11 15 1.5
24 12 16 2.0
0 1
1 3
2 5
3 7
4 9
5 11
6 13
1 1 1.0
2 2 1.0
3 3 1.0
