10 10 5 20 31
3 10 0 1 1 4 2 6 3 9 4 3 5 5 6 2 7 8 8 9 9 5 10 0 4 1 1 2 1 3 3 4 4 5 8 6 10 7 4 8 11 9 4 10 0 3 1 2 2 5 3 1 4 5 5 6 6 9 7 5 8 10 9 3
3 10 0 2 1 10 2 4 3 5 4 9 5 8 6 4 7 15 8 8 9 4 10 0 4 1 8 2 7 3 1 4 9 5 6 6 1 7 10 8 7 9 1 10 0 6 1 11 2 2 3 7 4 5 5 3 6 5 7 14 8 9 9 2
3 10 0 8 1 5 2 8 3 9 4 4 5 3 6 5 7 3 8 8 9 1 10 0 9 1 3 2 6 3 1 4 2 5 6 6 4 7 1 8 7 9 2 10 0 7 1 1 2 8 3 5 4 4 5 9 6 1 7 2 8 3 9 4
3 10 0 5 1 10 2 6 3 4 4 9 5 5 6 1 7 7 8 1 9 6 10 0 4 1 2 2 3 3 8 4 7 5 4 6 6 7 9 8 8 9 4 10 0 7 1 3 2 12 3 1 4 6 5 5 6 8 7 3 8 5 9 2
3 10 0 7 1 10 2 4 3 5 4 6 5 3 6 5 7 15 8 2 9 6 10 0 5 1 6 2 3 3 9 4 8 5 2 6 8 7 6 8 1 9 7 10 0 6 1 1 2 4 3 1 4 10 5 4 6 3 7 11 8 13 9 9
3 10 0 8 1 9 2 10 3 8 4 4 5 2 6 7 7 8 8 3 9 10 10 0 7 1 3 2 12 3 5 4 4 5 3 6 6 7 9 8 2 9 15 10 0 4 1 7 2 3 3 6 4 3 5 4 6 1 7 5 8 1 9 11
3 10 0 1 1 7 2 8 3 3 4 4 5 9 6 4 7 13 8 10 9 7 10 0 3 1 8 2 1 3 2 4 3 5 6 6 11 7 2 8 13 9 3 10 0 5 1 4 2 2 3 1 4 2 5 1 6 8 7 14 8 5 9 7
3 10 0 5 1 7 2 11 3 3 4 2 5 9 6 8 7 5 8 12 9 8 10 0 8 1 3 2 10 3 7 4 5 5 13 6 4 7 6 8 8 9 4 10 0 6 1 2 2 13 3 5 4 4 5 3 6 5 7 7 8 9 9 5
3 10 0 3 1 9 2 1 3 3 4 8 5 1 6 6 7 7 8 5 9 4 10 0 4 1 6 2 2 3 5 4 7 5 3 6 1 7 9 8 6 9 7 10 0 8 1 5 2 4 3 8 4 6 5 1 6 2 7 3 8 10 9 12
3 10 0 4 1 3 2 1 3 6 4 7 5 1 6 2 7 6 8 20 9 6 10 0 3 1 1 2 8 3 1 4 9 5 4 6 1 7 4 8 17 9 15 10 0 9 1 2 2 4 3 2 4 3 5 5 6 2 7 4 8 10 9 23
1 0 0
2 5 0
3 10 0
4 15 0
5 20 0
6 0 6
7 5 6
8 10 6
9 15 6
10 20 6
11 0 12
12 5 12
13 10 12
14 15 12
15 20 12
16 0 18
17 5 18
18 10 18
19 15 18
20 20 18
1 1 2 1.0
2 2 3 1.5
3 3 4 2.0
4 4 5 1.0
5 6 7 1.5
6 7 8 2.0
7 8 9 1.0
8 9 10 1.5
9 11 12 2.0
10 12 13 1.0
11 13 14 1.5
12 14 15 2.0
13 16 17 1.0
14 17 18 1.5
15 18 19 2.0
16 19 20 1.0
17 1 6 1.0
18 2 7 1.5
19 3 8 2.0
20 4 9 1.0
21 5 10 1.5
22 6 11 1.5
23 7 12 2.0
24 8 13 1.0
25 9 14 1.5
26 10 15 2.0
27 11 16 2.0
28 12 17 1.0
29 13 18 1.5
30 14 19 2.0
31 15 20 1.0
1 1
2 3
3 5
4 7
5 9
6 11
7 13
8 15
9 17
10 19
1 1 1.0
2 2 1.0
3 3 1.0
4 4 1.0
5 5 1.0
