5 6 3 12 17
3 3 0 147 1 123 2 145 2 3 140 1 130 2 3 150 4 160
3 2 0 214 2 150 2 2 87 1 66 2 4 178 5 95
3 2 0 87 1 62 2 2 180 3 105 3 3 190 4 100 5 153
3 2 0 87 1 65 1 4 173 2 3 145 5 136
3 3 1 123 2 145 0 128 3 2 86 3 65 4 47 2 4 110 5 85
1 0 0
2 6 0
3 12 0
4 18 0
5 0 10
6 6 10
7 12 10
8 18 10
9 0 20
10 6 20
11 12 20
12 18 20
1 1 2 1.0
2 2 3 1.5
3 3 4 2.0
4 5 6 1.5
5 6 7 2.0
6 7 8 1.0
7 9 10 2.0
8 10 11 1.0
9 11 12 1.5
10 1 5 1.0
11 2 6 1.5
12 3 7 2.0
13 4 8 1.0
14 5 9 1.5
15 6 10 2.0
16 7 11 1.0
17 8 12 1.5
1 1
2 3
3 5
4 7
5 9
6 11
1 1 1.0
2 2 1.0
3 3 1.0
