11 8 4 16 24
4 3 0 247 1 123 2 100 3 3 140 1 130 6 123 3 3 150 4 160 6 200 2 6 210 7 145
4 2 0 214 2 150 2 2 87 1 66 3 4 178 5 95 6 150 2 4 120 7 150
4 2 0 87 1 62 3 6 145 2 180 3 105 3 3 190 4 100 5 153 2 5 170 7 165
4 2 0 87 1 65 2 2 250 4 173 2 3 145 5 136 2 4 250 5 170
4 3 1 123 2 145 0 128 3 6 86 3 65 4 47 3 4 110 5 85 1 100 2 7 165 5 180
4 3 1 145 2 320 3 154 3 3 150 2 123 4 192 3 4 120 5 240 6 180 2 3 120 6 50
4 2 2 145 1 157 2 2 124 4 168 3 4 145 5 165 6 178 2 7 230 4 140
4 2 3 245 2 257 2 5 224 4 268 3 4 145 5 165 6 178 2 6 150 7 150
4 2 1 150 2 150 2 2 180 3 220 2 4 40 6 50 2 5 150 7 170
4 2 3 245 2 257 2 5 224 4 268 3 4 145 5 165 6 178 2 6 150 7 150
4 2 1 150 2 150 2 2 180 3 220 2 4 40 6 50 2 5 150 7 170
1 0 0
2 6 0
3 12 0
4 18 0
5 0 6
6 6 6
7 12 6
8 18 6
9 0 12
10 6 12
11 12 12
12 18 12
13 0 18
14 6 18
15 12 18
16 18 18
1 1 2 1.0
2 2 3 1.5
3 3 4 2.0
4 5 6 1.5
5 6 7 2.0
6 7 8 1.0
7 9 10 2.0
8 10 11 1.0
9 11 12 1.5
10 13 14 1.0
11 14 15 1.5
12 15 16 2.0
13 1 5 1.0
14 2 6 1.5
15 3 7 2.0
16 4 8 1.0
17 5 9 1.5
18 6 10 2.0
19 7 11 1.0
20 8 12 1.5
21 9 13 2.0
22 10 14 1.0
23 11 15 1.5
24 12 16 2.0
0 1
1 3
2 5
3 7
4 9
5 11
6 13
7 15
1 1 1.0
2 2 1.0
3 3 1.0
4 4 1.0
