11 5 2 12 17
5 1 0 375 1 1 12 2 2 142 1 142 1 3 245 1 4 412
5 2 0 632 2 632 2 1 452 2 452 3 2 758 4 758 1 758 3 3 278 4 278 0 278 3 4 398 1 398 2 398
5 2 0 12 2 12 2 1 876 0 876 2 2 124 3 124 3 3 534 0 534 2 534 2 4 765 1 765
5 1 0 460 3 1 542 3 542 0 542 2 2 523 3 523 3 3 120 4 120 2 120 3 4 499 3 499 2 499
5 2 0 528 1 528 1 1 101 3 2 789 1 789 4 789 3 3 124 1 124 4 124 1 4 999
5 3 0 796 4 796 1 796 1 1 245 3 2 632 1 632 4 632 2 3 375 4 375 3 4 123 1 123 3 123
5 3 0 532 4 532 2 532 1 1 230 1 2 543 2 3 896 0 896 2 4 452 0 452
5 2 0 14 4 14 2 1 124 0 124 2 2 214 3 214 2 3 543 0 543 1 4 785
5 1 0 257 2 1 527 3 527 2 2 753 0 753 2 3 210 1 210 3 4 463 3 463 0 463
5 3 0 896 4 896 2 896 2 1 896 2 896 1 2 214 1 3 258 2 4 259 0 259
5 2 0 532 4 532 2 1 302 4 302 1 2 501 2 3 765 2 765 3 4 988 2 988 0 988
1 0 0
2 6 0
3 12 0
4 18 0
5 0 10
6 6 10
7 12 10
8 18 10
9 0 20
10 6 20
11 12 20
12 18 20
1 1 2 1.0
2 2 3 1.5
3 3 4 2.0
4 5 6 1.5
5 6 7 2.0
6 7 8 1.0
7 9 10 2.0
8 10 11 1.0
9 11 12 1.5
10 1 5 1.0
11 2 6 1.5
12 3 7 2.0
13 4 8 1.0
14 5 9 1.5
15 6 10 2.0
16 7 11 1.0
17 8 12 1.5
0 1
1 3
2 5
3 7
4 9
1 1 1.0
2 2 1.0
