13 4 2 12 17
4 1 0 654 1 1 147 2 2 345 3 345 1 3 447
4 1 0 321 2 1 520 3 520 2 2 789 3 789 3 3 702 1 702 0 702
4 3 0 12 3 12 2 12 3 1 147 2 147 0 147 2 2 630 0 630 2 3 255 1 255
4 2 0 345 3 345 3 1 586 3 586 0 586 1 2 214 2 3 866 0 866
4 1 0 678 1 1 532 3 2 275 0 275 3 275 1 3 332
4 3 0 963 3 963 2 963 2 1 145 3 145 1 2 302 2 3 225 1 225
4 1 0 25 1 1 24 3 2 142 0 142 3 142 1 3 589
4 2 0 874 3 874 3 1 517 3 517 0 517 3 2 24 1 24 0 24 2 3 996 0 996
4 1 0 114 3 1 896 3 896 2 896 2 2 520 3 520 1 3 541
4 2 0 785 2 785 2 1 543 0 543 3 2 336 1 336 0 336 3 3 234 0 234 1 234
4 2 0 203 2 203 2 1 210 2 210 2 2 699 1 699 3 3 784 0 784 1 784
4 2 0 696 2 696 1 1 784 1 2 855 1 3 512
4 2 0 302 1 302 2 1 512 3 512 3 2 221 0 221 3 221 1 3 345
1 0 0
2 6 0
3 12 0
4 18 0
5 0 10
6 6 10
7 12 10
8 18 10
9 0 20
10 6 20
11 12 20
12 18 20
1 1 2 1.0
2 2 3 1.5
3 3 4 2.0
4 5 6 1.5
5 6 7 2.0
6 7 8 1.0
7 9 10 2.0
8 10 11 1.0
9 11 12 1.5
10 1 5 1.0
11 2 6 1.5
12 3 7 2.0
13 4 8 1.0
14 5 9 1.5
15 6 10 2.0
16 7 11 1.0
17 8 12 1.5
0 1
1 4
2 7
3 10
1 1 1.0
2 2 1.0
