12 5 2 12 17
5 1 0 456 1 1 537 2 2 123 1 123 1 3 214 1 4 234
5 2 0 789 2 789 2 1 854 2 854 3 2 225 4 225 1 225 3 3 528 4 528 0 528 3 4 123 1 123 2 123
5 2 0 876 2 876 2 1 632 0 632 2 2 588 3 588 3 3 896 0 896 2 896 2 4 456 1 456
5 1 0 543 3 1 145 3 145 0 145 2 2 669 3 669 3 3 325 4 325 2 325 3 4 789 3 789 2 789
5 2 0 210 1 210 1 1 785 3 2 966 1 966 4 966 3 3 147 1 147 4 147 1 4 876
5 3 0 123 4 123 1 123 1 1 214 3 2 332 1 332 4 332 2 3 856 4 856 3 4 543 1 543 3 543
5 3 0 456 4 456 2 456 1 1 752 1 2 144 2 3 321 0 321 2 4 210 0 210
5 2 0 789 4 789 2 1 143 0 143 2 2 755 3 755 2 3 427 0 427 1 4 123
5 1 0 876 2 1 698 3 698 2 2 322 0 322 2 3 546 1 546 3 4 456 3 456 0 456
5 3 0 543 4 543 2 543 2 1 532 2 532 1 2 100 1 3 321 2 4 789 0 789
5 2 0 210 4 210 2 1 145 4 145 1 2 114 2 3 401 2 401 3 4 876 2 876 0 876
5 2 0 124 1 124 2 1 247 3 247 2 2 753 3 753 3 3 214 1 214 2 214 1 4 543
1 0 0
2 6 0
3 12 0
4 18 0
5 0 10
6 6 10
7 12 10
8 18 10
9 0 20
10 6 20
11 12 20
12 18 20
1 1 2 1.0
2 2 3 1.5
3 3 4 2.0
4 5 6 1.5
5 6 7 2.0
6 7 8 1.0
7 9 10 2.0
8 10 11 1.0
9 11 12 1.5
10 1 5 1.0
11 2 6 1.5
12 3 7 2.0
13 4 8 1.0
14 5 9 1.5
15 6 10 2.0
16 7 11 1.0
17 8 12 1.5
0 1
1 3
2 5
3 7
4 9
1 1 1.0
2 2 1.0
