8 9 4 20 31
9 1 0 887 1 1 447 2 2 234 8 234 2 3 159 0 159 2 4 201 7 201 2 5 555 3 555 3 6 463 2 463 3 463 3 7 456 1 456 2 456 3 8 753 5 753 1 753
9 2 0 799 7 799 2 1 779 4 779 2 2 567 8 567 3 3 267 1 267 5 267 1 4 478 2 5 444 7 444 1 6 123 1 7 789 3 8 21 7 21 1 21
9 2 0 999 2 999 3 1 999 0 999 2 999 1 2 852 3 3 483 4 483 0 483 1 4 520 2 5 120 0 120 1 6 456 3 7 630 5 630 4 630 1 8 427
9 2 0 666 2 666 3 1 666 3 666 7 666 1 2 140 3 3 753 4 753 6 753 3 4 145 0 145 5 145 2 5 142 1 142 1 6 789 3 7 258 3 258 2 258 2 8 520 7 520
9 1 0 663 1 1 25 2 2 222 5 222 2 3 420 7 420 2 4 699 8 699 2 5 578 3 578 2 6 876 2 876 2 7 741 6 741 1 8 142
9 2 0 333 8 333 2 1 558 4 558 3 2 558 1 558 0 558 2 3 159 7 159 3 4 875 2 875 6 875 3 5 965 7 965 4 965 2 6 543 8 543 1 7 36 1 8 534
9 1 0 222 2 1 886 7 886 1 2 965 2 3 25 2 25 3 4 633 1 633 7 633 1 5 412 2 6 210 8 210 3 7 985 4 985 6 985 2 8 157 1 157
9 2 0 114 1 114 1 1 541 2 2 412 5 412 3 3 863 1 863 8 863 2 4 222 3 222 1 5 25 1 6 123 3 7 214 6 214 0 214 1 8 896
1 0 0
2 5 0
3 10 0
4 15 0
5 20 0
6 0 6
7 5 6
8 10 6
9 15 6
10 20 6
11 0 12
12 5 12
13 10 12
14 15 12
15 20 12
16 0 18
17 5 18
18 10 18
19 15 18
20 20 18
1 1 2 1.0
2 2 3 1.5
3 3 4 2.0
4 4 5 1.0
5 6 7 1.5
6 7 8 2.0
7 8 9 1.0
8 9 10 1.5
9 11 12 2.0
10 12 13 1.0
11 13 14 1.5
12 14 15 2.0
13 16 17 1.0
14 17 18 1.5
15 18 19 2.0
16 19 20 1.0
17 1 6 1.0
18 2 7 1.5
19 3 8 2.0
20 4 9 1.0
21 5 10 1.5
22 6 11 1.5
23 7 12 2.0
24 8 13 1.0
25 9 14 1.5
26 10 15 2.0
27 11 16 2.0
28 12 17 1.0
29 13 18 1.5
30 14 19 2.0
31 15 20 1.0
0 1
1 3
2 5
3 7
4 9
5 11
6 13
7 15
8 17
1 1 1.0
2 2 1.0
3 3 1.0
4 4 1.0
