8 8 4 16 24
8 1 0 456 1 1 654 2 2 852 6 852 2 3 145 1 145 1 4 632 2 5 425 7 425 2 6 214 3 214 3 7 654 1 654 0 654
8 3 0 789 7 789 3 789 2 1 123 0 123 3 2 369 0 369 1 369 2 3 678 4 678 2 4 581 1 581 2 5 396 3 396 3 6 123 3 123 4 123 1 7 789
8 2 0 654 2 654 1 1 123 3 2 632 0 632 6 632 3 3 965 7 965 2 965 2 4 475 7 475 1 5 325 2 6 456 5 456 1 7 654
8 1 0 321 3 1 456 0 456 7 456 1 2 581 2 3 421 7 421 1 4 32 2 5 147 3 147 3 6 789 7 789 5 789 1 7 123
8 3 0 456 5 456 1 456 2 1 789 4 789 3 2 472 3 472 7 472 3 3 365 2 365 6 365 1 4 536 1 5 852 2 6 654 0 654 2 7 123 4 123
8 2 0 789 1 789 2 1 654 2 654 2 2 586 5 586 2 3 824 4 824 1 4 325 1 5 12 2 6 321 5 321 2 7 456 4 456
8 3 0 654 3 654 5 654 2 1 321 7 321 3 2 320 7 320 0 320 2 3 758 5 758 2 4 863 6 863 1 5 452 1 6 456 1 7 789
8 2 0 789 4 789 1 1 147 2 2 120 7 120 3 3 639 0 639 7 639 1 4 21 2 5 863 2 863 3 6 789 5 789 1 789 2 7 654 0 654
1 0 0
2 6 0
3 12 0
4 18 0
5 0 6
6 6 6
7 12 6
8 18 6
9 0 12
10 6 12
11 12 12
12 18 12
13 0 18
14 6 18
15 12 18
16 18 18
1 1 2 1.0
2 2 3 1.5
3 3 4 2.0
4 5 6 1.5
5 6 7 2.0
6 7 8 1.0
7 9 10 2.0
8 10 11 1.0
9 11 12 1.5
10 13 14 1.0
11 14 15 1.5
12 15 16 2.0
13 1 5 1.0
14 2 6 1.5
15 3 7 2.0
16 4 8 1.0
17 5 9 1.5
18 6 10 2.0
19 7 11 1.0
20 8 12 1.5
21 9 13 2.0
22 10 14 1.0
23 11 15 1.5
24 12 16 2.0
0 1
1 3
2 5
3 7
4 9
5 11
6 13
7 15
1 1 1.0
2 2 1.0
3 3 1.0
4 4 1.0
