10 5 2 12 17
5 1 1 21 1 0 53 2 4 95 2 95 2 3 55 0 55 1 2 34
5 2 0 21 2 21 2 3 52 2 52 3 4 16 1 16 3 16 2 2 26 0 26 3 1 71 2 71 4 71
5 2 3 39 4 39 2 4 98 1 98 2 1 42 0 42 3 2 31 3 31 0 31 1 0 12
5 2 1 77 3 77 1 0 55 1 4 79 3 2 66 3 66 0 66 2 3 77 4 77
5 1 0 83 3 3 34 2 34 4 34 1 2 64 2 1 19 0 19 1 4 37
5 1 1 54 3 2 43 1 43 4 43 3 4 79 1 79 3 79 3 0 92 4 92 1 92 1 3 62
5 3 3 69 1 69 2 69 2 4 77 2 77 1 1 87 3 2 87 1 87 3 87 3 0 93 4 93 2 93
5 1 2 38 1 0 60 2 1 41 0 41 2 3 24 0 24 2 4 83 1 83
5 1 3 17 2 1 49 3 49 2 4 25 0 25 1 0 44 1 2 98
5 2 4 77 1 77 2 3 79 4 79 3 2 43 0 43 1 43 2 1 75 4 75 3 0 96 3 96 4 96
1 0 0
2 6 0
3 12 0
4 18 0
5 0 10
6 6 10
7 12 10
8 18 10
9 0 20
10 6 20
11 12 20
12 18 20
1 1 2 1.0
2 2 3 1.5
3 3 4 2.0
4 5 6 1.5
5 6 7 2.0
6 7 8 1.0
7 9 10 2.0
8 10 11 1.0
9 11 12 1.5
10 1 5 1.0
11 2 6 1.5
12 3 7 2.0
13 4 8 1.0
14 5 9 1.5
15 6 10 2.0
16 7 11 1.0
17 8 12 1.5
0 1
1 3
2 5
3 7
4 9
1 1 1.0
2 2 1.0
