10 10 5 20 31
10 1 1 21 1 6 71 2 9 16 2 16 2 8 52 5 52 1 7 26 2 2 34 7 34 2 0 53 7 53 3 4 21 9 21 6 21 3 3 55 9 55 0 55 3 5 95 6 95 2 95
10 2 4 55 2 55 2 2 31 5 31 2 5 98 3 98 3 9 79 8 79 3 79 3 0 12 3 12 7 12 2 7 66 6 66 1 1 42 3 8 77 0 77 4 77 3 6 77 9 77 3 77 3 3 39 7 39 2 39
10 2 3 34 9 34 1 2 64 2 8 62 5 62 1 1 19 1 4 92 3 9 79 2 79 1 79 1 7 43 2 6 54 9 54 3 0 83 1 83 9 83 1 5 37
10 3 1 87 9 87 0 87 3 3 69 1 69 2 69 2 2 87 4 87 3 7 38 1 38 3 38 3 8 24 4 24 2 24 1 9 83 1 6 41 2 0 93 8 93 2 5 77 2 77 3 4 60 1 60 0 60
10 2 2 98 3 98 2 0 44 8 44 1 5 25 2 6 75 1 75 2 7 43 4 43 3 1 49 7 49 5 49 2 4 96 1 96 3 9 77 8 77 5 77 3 3 17 4 17 7 17 2 8 79 6 79
10 1 2 35 1 3 76 1 5 28 2 9 10 4 10 1 4 61 2 6 9 5 9 3 0 95 6 95 9 95 1 8 35 2 1 7 2 7 3 7 95 5 95 1 95
10 2 3 16 2 16 2 2 59 8 59 2 0 46 8 46 3 1 91 8 91 2 91 1 9 43 1 8 50 1 6 52 3 5 59 2 59 7 59 1 4 28 2 7 27 0 27
10 1 1 45 2 0 87 6 87 3 3 41 0 41 2 41 2 4 20 5 20 2 6 54 4 54 1 9 43 1 8 14 1 5 9 3 2 39 1 39 4 39 3 7 71 9 71 4 71
10 2 4 33 8 33 1 2 37 3 8 66 9 66 4 66 2 5 33 0 33 3 3 26 0 26 8 26 2 7 8 8 8 3 1 28 2 28 4 28 1 6 89 3 9 42 0 42 7 42 3 0 78 4 78 5 78
10 2 8 69 9 69 1 9 81 2 2 94 3 94 3 4 96 2 96 5 96 1 3 27 1 0 69 1 7 45 3 6 78 3 78 4 78 1 1 74 3 5 84 2 84 0 84
1 0 0
2 5 0
3 10 0
4 15 0
5 20 0
6 0 6
7 5 6
8 10 6
9 15 6
10 20 6
11 0 12
12 5 12
13 10 12
14 15 12
15 20 12
16 0 18
17 5 18
18 10 18
19 15 18
20 20 18
1 1 2 1.0
2 2 3 1.5
3 3 4 2.0
4 4 5 1.0
5 6 7 1.5
6 7 8 2.0
7 8 9 1.0
8 9 10 1.5
9 11 12 2.0
10 12 13 1.0
11 13 14 1.5
12 14 15 2.0
13 16 17 1.0
14 17 18 1.5
15 18 19 2.0
16 19 20 1.0
17 1 6 1.0
18 2 7 1.5
19 3 8 2.0
20 4 9 1.0
21 5 10 1.5
22 6 11 1.5
23 7 12 2.0
24 8 13 1.0
25 9 14 1.5
26 10 15 2.0
27 11 16 2.0
28 12 17 1.0
29 13 18 1.5
30 14 19 2.0
31 15 20 1.0
0 1
1 3
2 5
3 7
4 9
5 11
6 13
7 15
8 17
9 19
1 1 1.0
2 2 1.0
3 3 1.0
4 4 1.0
5 5 1.0
