10 10 5 20 31
10 1 4 18 1 7 21 2 9 41 2 41 2 2 45 5 45 1 3 38 2 8 50 7 50 2 5 84 7 84 3 6 29 9 29 3 29 2 1 23 0 23 3 0 82 6 82 2 82
10 2 8 57 2 57 2 5 16 1 16 2 1 52 5 52 3 7 74 3 74 0 74 1 2 38 2 3 54 8 54 1 6 62 1 9 37 3 4 54 8 54 0 54 2 0 52 8 52
10 3 2 30 3 30 9 30 1 4 79 3 3 68 9 68 2 68 2 1 61 5 61 1 8 11 1 6 89 3 7 89 2 89 1 89 1 0 81 2 9 81 1 81 2 5 57 3 57
10 3 0 91 9 91 1 91 1 8 8 3 3 33 1 33 2 33 2 7 55 2 55 1 5 20 3 2 20 1 20 3 20 3 4 32 2 32 1 32 1 6 84 2 1 66 0 66 2 9 24 0 24
10 2 9 40 1 40 1 0 7 2 4 19 3 19 2 8 7 0 7 1 6 83 1 2 64 2 5 56 1 56 2 3 54 4 54 3 7 8 5 8 6 8 2 1 39 9 39
10 3 3 91 5 91 8 91 2 2 64 7 64 2 5 40 6 40 1 0 63 1 7 98 1 4 74 2 8 61 4 61 1 1 6 2 6 42 5 42 3 9 15 6 15 4 15
10 2 1 80 2 80 3 7 39 5 39 1 39 2 8 24 2 24 2 3 75 8 75 2 4 75 8 75 3 5 6 1 6 8 6 2 6 44 0 44 1 0 26 1 2 87 3 9 22 2 22 7 22
10 1 1 15 2 7 43 0 43 1 2 20 2 0 12 6 12 3 8 26 0 26 2 26 2 6 61 5 61 2 3 79 4 79 1 9 22 1 5 8 1 4 80
10 3 2 62 1 62 4 62 3 3 96 9 96 7 96 3 4 22 1 22 8 22 1 9 5 3 0 63 8 63 9 63 1 6 33 2 7 10 0 10 3 8 18 0 18 5 18 2 1 36 4 36 1 5 40
10 3 1 96 0 96 7 96 3 0 89 4 89 5 89 2 5 64 9 64 1 3 95 2 9 23 3 23 3 7 18 2 18 5 18 1 8 15 1 2 64 1 6 38 3 4 8 3 8 6 8
1 0 0
2 5 0
3 10 0
4 15 0
5 20 0
6 0 6
7 5 6
8 10 6
9 15 6
10 20 6
11 0 12
12 5 12
13 10 12
14 15 12
15 20 12
16 0 18
17 5 18
18 10 18
19 15 18
20 20 18
1 1 2 1.0
2 2 3 1.5
3 3 4 2.0
4 4 5 1.0
5 6 7 1.5
6 7 8 2.0
7 8 9 1.0
8 9 10 1.5
9 11 12 2.0
10 12 13 1.0
11 13 14 1.5
12 14 15 2.0
13 16 17 1.0
14 17 18 1.5
15 18 19 2.0
16 19 20 1.0
17 1 6 1.0
18 2 7 1.5
19 3 8 2.0
20 4 9 1.0
21 5 10 1.5
22 6 11 1.5
23 7 12 2.0
24 8 13 1.0
25 9 14 1.5
26 10 15 2.0
27 11 16 2.0
28 12 17 1.0
29 13 18 1.5
30 14 19 2.0
31 15 20 1.0
0 1
1 3
2 5
3 7
4 9
5 11
6 13
7 15
8 17
9 19
1 1 1.0
2 2 1.0
3 3 1.0
4 4 1.0
5 5 1.0
