10 10 5 20 31
10 1 0 72 1 1 54 2 2 33 1 33 1 3 86 1 4 75 2 5 16 7 16 2 6 96 7 96 3 7 7 9 7 6 7 3 8 99 3 99 9 99 2 9 76 0 76
10 3 0 16 2 16 9 16 2 3 88 4 88 2 4 48 1 48 2 8 52 5 52 3 9 60 3 60 0 60 1 6 29 2 7 18 8 18 1 5 89 1 2 80 3 1 76 8 76 0 76
10 2 0 47 8 47 3 7 11 3 11 9 11 1 3 14 3 2 56 3 56 9 56 1 6 16 2 4 83 5 83 1 1 10 1 5 61 3 8 24 2 24 1 24 1 9 58
10 2 0 49 9 49 3 1 31 9 31 3 31 3 3 17 9 17 1 17 1 8 50 3 5 63 1 63 2 63 2 2 35 4 35 3 4 65 1 65 3 65 3 7 23 4 23 2 23 1 6 50 1 9 29
10 2 0 55 8 55 2 6 6 2 6 3 1 28 0 28 8 28 3 3 96 2 96 0 96 1 5 86 1 2 99 2 9 14 1 14 2 7 70 4 70 3 8 64 7 64 5 64 2 4 24 1 24
10 3 4 46 8 46 5 46 3 0 23 4 23 7 23 2 6 70 7 70 1 8 19 1 2 54 2 3 22 4 22 1 9 85 2 7 87 5 87 3 5 79 6 79 9 79 1 1 93
10 2 4 76 2 76 3 3 60 7 60 5 60 2 0 76 1 76 2 9 98 6 98 1 2 76 2 1 50 8 50 3 8 86 1 86 2 86 1 7 14 1 6 27 1 5 57
10 3 4 93 2 93 7 93 1 6 27 2 9 57 0 57 1 3 87 2 8 86 6 86 3 2 54 0 54 9 54 2 7 24 1 24 2 5 49 7 49 1 0 20 1 1 47
10 3 2 28 1 28 4 28 3 6 11 9 11 7 11 3 8 78 1 78 6 78 3 7 85 8 85 9 85 1 4 63 2 9 81 0 81 3 3 10 0 10 8 10 2 1 9 8 9 3 5 46 2 46 1 46 1 0 32
10 1 2 22 3 9 76 0 76 7 76 3 5 89 0 89 4 89 1 8 13 3 6 88 0 88 9 88 1 3 10 2 7 75 3 75 3 4 98 2 98 5 98 1 1 78 1 0 17
1 0 0
2 5 0
3 10 0
4 15 0
5 20 0
6 0 6
7 5 6
8 10 6
9 15 6
10 20 6
11 0 12
12 5 12
13 10 12
14 15 12
15 20 12
16 0 18
17 5 18
18 10 18
19 15 18
20 20 18
1 1 2 1.0
2 2 3 1.5
3 3 4 2.0
4 4 5 1.0
5 6 7 1.5
6 7 8 2.0
7 8 9 1.0
8 9 10 1.5
9 11 12 2.0
10 12 13 1.0
11 13 14 1.5
12 14 15 2.0
13 16 17 1.0
14 17 18 1.5
15 18 19 2.0
16 19 20 1.0
17 1 6 1.0
18 2 7 1.5
19 3 8 2.0
20 4 9 1.0
21 5 10 1.5
22 6 11 1.5
23 7 12 2.0
24 8 13 1.0
25 9 14 1.5
26 10 15 2.0
27 11 16 2.0
28 12 17 1.0
29 13 18 1.5
30 14 19 2.0
31 15 20 1.0
0 1
1 3
2 5
3 7
4 9
5 11
6 13
7 15
8 17
9 19
1 1 1.0
2 2 1.0
3 3 1.0
4 4 1.0
5 5 1.0
