10 10 5 20 31
10 1 0 99 1 1 74 2 2 49 1 49 1 3 67 1 4 17 2 5 7 7 7 2 6 9 7 9 3 7 39 9 39 6 39 3 8 35 3 35 9 35 2 9 49 0 49
10 3 0 49 2 49 9 49 2 3 67 4 67 2 4 82 1 82 2 2 92 5 92 3 1 62 3 62 0 62 1 5 84 2 8 45 6 45 1 6 30 3 7 42 8 42 0 42 2 9 71 8 71
10 3 0 26 3 26 9 26 1 3 33 3 1 82 3 82 9 82 1 2 98 2 5 83 6 83 1 4 16 3 6 64 2 64 1 64 1 7 65 2 9 36 1 36 2 8 77 3 77
10 3 0 41 9 41 1 41 1 1 62 3 4 73 1 73 2 73 2 3 94 2 94 1 6 51 3 5 46 1 46 3 46 3 2 55 4 55 1 55 1 9 31 2 7 64 0 64 2 8 46 0 46
10 2 1 68 9 68 2 0 26 8 26 3 5 50 2 50 0 50 1 3 46 1 4 25 2 7 88 1 88 2 2 6 4 6 3 8 13 7 13 5 13 2 9 98 1 98 3 6 84 8 84 5 84
10 3 0 24 4 24 7 24 2 6 80 7 80 1 2 91 1 3 55 2 1 48 4 48 1 8 99 2 4 72 5 72 3 9 91 6 91 4 91 2 7 84 2 84 3 5 12 7 12 1 12
10 2 2 16 6 16 1 3 13 2 0 9 8 9 3 1 58 8 58 2 58 1 4 23 1 7 85 1 5 36 3 6 89 2 89 7 89 1 8 71 2 9 41 0 41
10 1 2 54 2 0 41 6 41 3 3 38 0 38 2 38 2 4 53 5 53 2 1 11 4 11 1 5 74 1 9 88 1 6 46 3 7 41 1 41 4 41 3 8 65 9 65 7 65
10 3 2 53 1 53 8 53 1 1 50 3 4 40 8 40 9 40 1 0 90 2 7 7 0 7 3 5 80 0 80 8 80 2 3 57 8 57 3 9 60 2 60 1 60 1 6 91 1 8 47
10 3 2 45 0 45 7 45 3 0 59 4 59 5 59 2 8 81 9 81 1 3 99 2 6 71 3 71 3 1 19 2 19 5 19 1 4 75 1 7 77 1 9 94 3 5 95 3 95 6 95
1 0 0
2 5 0
3 10 0
4 15 0
5 20 0
6 0 6
7 5 6
8 10 6
9 15 6
10 20 6
11 0 12
12 5 12
13 10 12
14 15 12
15 20 12
16 0 18
17 5 18
18 10 18
19 15 18
20 20 18
1 1 2 1.0
2 2 3 1.5
3 3 4 2.0
4 4 5 1.0
5 6 7 1.5
6 7 8 2.0
7 8 9 1.0
8 9 10 1.5
9 11 12 2.0
10 12 13 1.0
11 13 14 1.5
12 14 15 2.0
13 16 17 1.0
14 17 18 1.5
15 18 19 2.0
16 19 20 1.0
17 1 6 1.0
18 2 7 1.5
19 3 8 2.0
20 4 9 1.0
21 5 10 1.5
22 6 11 1.5
23 7 12 2.0
24 8 13 1.0
25 9 14 1.5
26 10 15 2.0
27 11 16 2.0
28 12 17 1.0
29 13 18 1.5
30 14 19 2.0
31 15 20 1.0
0 1
1 3
2 5
3 7
4 9
5 11
6 13
7 15
8 17
9 19
1 1 1.0
2 2 1.0
3 3 1.0
4 4 1.0
5 5 1.0
